pro_com_t,<12,>=12,totale
001001,246,2302,2548
001002,370,3199,3569
001003,38,410,448
001004,135,1515,1650
001006,560,5888,6448
001007,7,231,238
001008,1434,15298,16732
001009,213,1817,2030
001010,41,444,485
001011,70,768,838
001012,94,1000,1094
001013,1168,11358,12526
001014,113,1121,1234
001015,60,718,778
001016,285,2825,3110
001017,49,482,531
001018,341,3285,3626
001019,11,102,113
001020,264,2830,3094
001021,139,1432,1571
001022,265,2831,3096
001023,41,515,556
001024,1616,15941,17557
001025,378,3063,3441
001026,46,489,535
001027,186,1928,2114
001028,1245,10593,11838
001029,70,517,587
001030,325,3296,3621
001031,61,705,766
001032,197,1992,2189
001033,326,2756,3082
001034,1018,7626,8644
001035,472,4113,4585
001036,29,376,405
001037,35,413,448
001038,854,7663,8517
001039,117,1362,1479
001040,138,1364,1502
001041,137,1203,1340
001042,79,1041,1120
001043,200,1423,1623
001044,454,5340,5794
001045,645,5727,6372
001046,304,3049,3353
001047,677,6724,7401
001048,543,5407,5950
001049,134,1220,1354
001050,97,1093,1190
001051,605,5045,5650
001052,21,254,275
001053,233,2360,2593
001054,56,545,601
001055,202,1862,2064
001056,69,830,899
001057,82,660,742
001058,926,8219,9145
001059,3130,25212,28342
001060,154,1717,1871
001061,137,1402,1539
001062,330,2687,3017
001063,1547,12267,13814
001064,168,1581,1749
001065,222,1949,2171
001066,947,8859,9806
001067,21,399,420
001068,693,5791,6484
001069,232,2078,2310
001070,532,4824,5356
001071,179,1586,1765
001072,58,980,1038
001073,9,156,165
001074,65,862,927
001075,35,322,357
001076,113,1476,1589
001077,172,1884,2056
001078,3482,32430,35912
001079,29,205,234
001080,59,807,866
001081,143,1431,1574
001082,2709,23899,26608
001083,32,321,353
001084,28,211,239
001085,14,305,319
001086,1589,16511,18100
001087,18,177,195
001088,142,1335,1477
001089,266,2877,3143
001090,4617,44482,49099
001091,33,276,309
001092,55,536,591
001093,383,4091,4474
001094,240,2866,3106
001095,27,415,442
001096,86,844,930
001097,754,7100,7854
001098,872,8623,9495
001099,954,8018,8972
001100,13,230,243
001101,594,4539,5133
001102,220,1980,2200
001103,25,457,482
001104,237,2409,2646
001105,42,707,749
001106,250,2021,2271
001107,304,2956,3260
001108,18,257,275
001109,149,1495,1644
001110,241,2630,2871
001111,56,486,542
001112,890,8495,9385
001113,83,1047,1130
001114,40,562,602
001115,1378,14826,16204
001116,480,3531,4011
001117,41,630,671
001118,14,182,196
001119,69,888,957
001120,3403,33297,36700
001121,4,40,44
001122,45,643,688
001123,33,341,374
001124,36,375,411
001125,1884,21164,23048
001126,178,1589,1767
001127,1073,7746,8819
001128,431,4486,4917
001129,125,1312,1437
001130,1963,14340,16303
001131,16,168,184
001132,133,1664,1797
001133,36,392,428
001134,81,1318,1399
001135,158,1524,1682
001136,101,959,1060
001137,117,1036,1153
001139,617,6543,7160
001140,51,447,498
001141,51,497,548
001142,109,1053,1162
001143,32,383,415
001144,113,1202,1315
001145,2,54,56
001146,326,3490,3816
001147,50,598,648
001148,394,3744,4138
001149,49,758,807
001150,120,1151,1271
001152,45,715,760
001153,25,358,383
001154,57,581,638
001155,19,313,332
001156,5527,50995,56522
001157,2,38,40
001158,66,656,722
001159,85,900,985
001160,286,3085,3371
001161,501,4634,5135
001162,93,738,831
001163,81,767,848
001164,4478,42057,46535
001165,1,105,106
001166,695,6132,6827
001167,24,266,290
001168,826,7085,7911
001169,38,490,528
001170,159,1297,1456
001171,2372,20793,23165
001172,59,701,760
001173,130,1046,1176
001174,88,841,929
001175,279,3029,3308
001176,101,1076,1177
001177,75,767,842
001178,200,1792,1992
001179,28,391,419
001180,111,1011,1122
001181,302,3401,3703
001183,412,3640,4052
001184,249,2925,3174
001185,41,474,515
001186,29,571,600
001187,71,678,749
001188,43,582,625
001189,1788,13637,15425
001190,230,2619,2849
001191,3294,32252,35546
001192,699,7679,8378
001193,431,3450,3881
001194,1875,16145,18020
001195,339,3041,3380
001196,122,1217,1339
001197,1079,9033,10112
001198,82,896,978
001199,270,2882,3152
001200,112,968,1080
001201,95,650,745
001202,20,240,260
001203,208,1682,1890
001204,15,210,225
001205,113,1143,1256
001206,63,676,739
001207,32,426,458
001208,18,307,325
001209,26,321,347
001210,85,921,1006
001211,165,1609,1774
001212,1,51,52
001213,107,1029,1136
001214,2110,17951,20061
001215,610,4143,4753
001216,264,2274,2538
001217,1257,11143,12400
001218,134,1425,1559
001219,4081,43237,47318
001220,285,2778,3063
001221,137,1534,1671
001222,193,1764,1957
001223,232,2402,2634
001224,18,274,292
001225,181,1681,1862
001226,14,216,230
001227,51,751,802
001228,555,4417,4972
001229,186,2188,2374
001230,77,706,783
001231,155,1667,1822
001232,63,546,609
001233,34,423,457
001234,5,70,75
001235,110,1407,1517
001236,677,5303,5980
001237,418,3590,4008
001238,29,324,353
001239,38,475,513
001240,504,4323,4827
001241,358,3369,3727
001242,152,1583,1735
001243,361,2778,3139
001244,235,2298,2533
001245,90,890,980
001246,322,2955,3277
001247,70,738,808
001248,1142,9023,10165
001249,1657,16863,18520
001250,141,1304,1445
001251,18,239,257
001252,295,2816,3111
001253,152,1716,1868
001254,376,3293,3669
001255,463,4222,4685
001256,391,3658,4049
001257,1130,9404,10534
001258,21,230,251
001259,74,998,1072
001260,328,2917,3245
001261,78,729,807
001262,113,1333,1446
001263,69,860,929
001264,27,438,465
001265,4293,42406,46699
001266,139,1386,1525
001267,64,868,932
001268,19,251,270
001269,518,5549,6067
001270,527,5519,6046
001271,63,706,769
001272,78202,769994,848196
001273,311,2662,2973
001274,45,563,608
001275,361,4197,4558
001276,397,3438,3835
001278,21,301,322
001279,41,469,510
001280,985,9712,10697
001281,14,164,178
001282,8,193,201
001283,139,1267,1406
001284,387,3621,4008
001285,80,849,929
001286,87,704,791
001287,327,2700,3027
001288,6,87,93
001289,71,782,853
001290,136,1308,1444
001291,59,819,878
001292,2941,29877,32818
001293,465,4315,4780
001294,95,1249,1344
001295,54,712,766
001296,26,215,241
001298,33,461,494
001299,491,4623,5114
001300,420,4098,4518
001301,126,1071,1197
001302,366,3137,3503
001303,278,2514,2792
001304,93,918,1011
001305,156,1801,1957
001306,88,973,1061
001307,318,3624,3942
001308,415,4094,4509
001309,1709,13317,15026
001310,138,1024,1162
001311,77,1104,1181
001312,46,473,519
001313,84,948,1032
001314,1637,13623,15260
001315,959,7618,8577
001316,754,6650,7404
001317,101,1163,1264
001318,60,945,1005
002002,65,665,730
002003,31,273,304
002004,233,2294,2527
002006,70,770,840
002007,128,1252,1380
002008,13,101,114
002009,14,199,213
002011,158,1689,1847
002014,10,150,160
002015,160,2107,2267
002016,930,11425,12355
002017,244,1980,2224
002021,64,769,833
002025,23,192,215
002029,3,69,72
002030,71,972,1043
002031,95,998,1093
002032,55,698,753
002033,18,203,221
002035,16,275,291
002041,1,52,53
002042,386,3926,4312
002043,19,219,238
002045,6,79,85
002047,65,683,748
002048,13,238,251
002049,706,6909,7615
002052,31,357,388
002054,123,945,1068
002057,5,180,185
002058,76,991,1067
002059,55,432,487
002061,618,7018,7636
002062,89,720,809
002065,24,314,338
002066,22,316,338
002067,39,473,512
002068,66,726,792
002070,32,485,517
002071,391,3780,4171
002072,73,725,798
002078,7,87,94
002079,109,1252,1361
002082,45,691,736
002088,87,695,782
002089,17,197,214
002090,71,1039,1110
002091,21,263,284
002093,116,1161,1277
002096,8,130,138
002097,15,173,188
002102,49,523,572
002104,67,654,721
002107,300,3579,3879
002108,37,343,380
002110,3,66,69
002113,7,124,131
002115,29,395,424
002116,188,2119,2307
002118,43,483,526
002121,11,173,184
002122,81,825,906
002126,21,178,199
002127,6,96,102
002128,336,3465,3801
002131,120,1334,1454
002133,681,7444,8125
002134,35,338,373
002135,30,343,373
002137,387,4372,4759
002142,110,1054,1164
002147,57,612,669
002148,597,6106,6703
002150,318,3061,3379
002152,108,1786,1894
002156,590,6366,6956
002158,4366,41509,45875
002163,23,374,397
002164,135,1407,1542
002166,18,140,158
002170,5,142,147
002171,69,877,946
003001,137,1424,1561
003002,71,814,885
003006,175,1959,2134
003008,1155,12595,13750
003012,41,704,745
003016,1033,8436,9469
003018,167,1130,1297
003019,85,1030,1115
003021,137,1149,1286
003022,103,1056,1159
003023,171,1792,1963
003024,2035,19194,21229
003025,617,4582,5199
003026,231,2567,2798
003027,96,986,1082
003030,226,2268,2494
003032,1050,9664,10714
003036,238,2241,2479
003037,105,881,986
003039,94,809,903
003040,146,1361,1507
003041,93,778,871
003042,39,269,308
003043,958,8744,9702
003044,26,359,385
003045,112,1054,1166
003047,152,1153,1305
003049,728,5924,6652
003051,49,463,512
003052,116,1115,1231
003055,174,1438,1612
003058,248,2348,2596
003060,133,1264,1397
003062,205,2317,2522
003065,178,1820,1998
003066,240,2360,2600
003068,1656,13824,15480
003069,172,1239,1411
003070,156,1589,1745
003073,272,3127,3399
003076,412,4996,5408
003077,124,1222,1346
003079,316,4024,4340
003082,419,3881,4300
003083,35,505,540
003084,179,1989,2168
003088,145,1459,1604
003090,15,204,219
003091,156,1442,1598
003093,98,1031,1129
003095,180,2220,2400
003097,154,1065,1219
003098,54,743,797
003100,198,2211,2409
003103,149,1653,1802
003104,79,727,806
003106,10012,91904,101916
003108,1567,12602,14169
003109,210,1944,2154
003112,55,1218,1273
003114,238,1894,2132
003115,55,829,884
003116,100,1220,1320
003119,65,734,799
003120,112,1271,1383
003121,212,1912,2124
003122,154,1700,1854
003129,100,830,930
003130,350,3408,3758
003131,697,4853,5550
003133,280,2720,3000
003134,82,659,741
003135,203,1723,1926
003138,42,512,554
003139,132,1251,1383
003140,76,643,719
003141,118,968,1086
003143,238,2471,2709
003144,43,418,461
003146,66,814,880
003149,2479,17907,20386
003153,67,896,963
003154,490,4351,4841
003158,175,1840,2015
003159,72,791,863
003164,40,495,535
003166,483,4676,5159
004001,12,145,157
004002,11,201,212
004003,2991,28224,31215
004004,18,217,235
004005,12,127,139
004006,6,70,76
004007,15,176,191
004008,97,900,997
004009,541,5315,5856
004010,90,965,1055
004011,68,546,614
004012,779,6649,7428
004013,70,611,681
004014,60,577,637
004015,7,204,211
004016,462,2992,3454
004017,2,93,95
004018,38,300,338
004019,430,3226,3656
004020,52,431,483
004021,3,55,58
004022,613,3616,4229
004023,7,88,95
004024,39,345,384
004025,1399,11035,12434
004026,13,161,174
004027,47,588,635
004028,966,8697,9663
004029,3096,26370,29466
004030,27,272,299
004031,1,40,41
004032,10,254,264
004033,85,941,1026
004034,1119,8964,10083
004035,37,543,580
004037,608,4967,5575
004038,5,71,76
004039,3,93,96
004040,692,6087,6779
004041,390,2666,3056
004042,121,1022,1143
004043,440,3889,4329
004044,19,150,169
004045,135,1274,1409
004046,240,1955,2195
004047,12,136,148
004049,169,1172,1341
004050,14,294,308
004051,82,815,897
004052,24,263,287
004053,5,54,59
004054,7,88,95
004055,69,629,698
004056,70,759,829
004057,37,422,459
004058,83,578,661
004059,582,4812,5394
004060,9,74,83
004061,833,6045,6878
004062,179,1835,2014
004063,19,391,410
004064,602,4564,5166
004065,256,1993,2249
004066,617,4992,5609
004067,1166,8217,9383
004068,341,3252,3593
004069,19,169,188
004070,9,73,82
004071,73,735,808
004072,221,1919,2140
004073,183,2065,2248
004074,81,844,925
004075,366,2943,3309
004076,36,338,374
004077,11,141,152
004078,5347,50633,55980
004079,163,1735,1898
004080,378,3236,3614
004081,431,4252,4683
004082,754,6255,7009
004083,6,79,85
004084,54,704,758
004085,190,1771,1961
004086,158,1532,1690
004087,54,409,463
004088,21,278,299
004089,2636,21850,24486
004090,41,704,745
004091,149,1450,1599
004092,24,241,265
004093,57,516,573
004094,36,304,340
004095,204,2727,2931
004096,335,2251,2586
004097,15,242,257
004098,3,120,123
004099,236,2034,2270
004100,249,1734,1983
004101,366,3158,3524
004102,4,60,64
004103,8,67,75
004104,120,1281,1401
004105,258,2461,2719
004106,38,414,452
004107,81,657,738
004108,66,747,813
004109,12,186,198
004110,107,1331,1438
004111,14,177,191
004112,2,45,47
004113,294,1906,2200
004114,224,1942,2166
004115,116,1147,1263
004116,451,3336,3787
004117,438,2821,3259
004118,140,1291,1431
004119,1,50,51
004120,16,198,214
004121,66,662,728
004122,28,266,294
004123,18,201,219
004124,18,243,261
004125,62,559,621
004126,131,1153,1284
004127,5,77,82
004128,184,1180,1364
004129,62,511,573
004130,2344,19920,22264
004131,26,566,592
004132,190,1764,1954
004133,508,4172,4680
004134,41,504,545
004135,71,775,846
004136,69,647,716
004137,51,430,481
004138,20,195,215
004139,53,468,521
004140,162,1435,1597
004141,11,218,229
004142,287,2062,2349
004143,393,3704,4097
004144,242,1757,1999
004145,80,755,835
004146,108,832,940
004147,396,3052,3448
004148,335,2981,3316
004149,19,335,354
004150,16,347,363
004151,98,881,979
004152,99,869,968
004153,34,370,404
004154,1,85,86
004155,71,1445,1516
004156,8,81,89
004157,200,2460,2660
004158,44,533,577
004159,6,279,285
004160,13,187,200
004161,16,248,264
004162,5,104,109
004163,620,4871,5491
004164,24,290,314
004165,240,1872,2112
004166,282,2448,2730
004167,2,72,74
004168,181,1222,1403
004169,100,876,976
004170,370,2962,3332
004171,107,1013,1120
004172,8,168,176
004173,16,216,232
004174,8,164,172
004175,61,447,508
004176,207,1816,2023
004177,47,626,673
004178,28,384,412
004179,963,8791,9754
004180,446,3767,4213
004181,117,935,1052
004182,5,103,108
004183,0,99,99
004184,9,85,94
004185,218,1967,2185
004186,30,448,478
004187,145,1403,1548
004188,3,122,125
004189,166,1404,1570
004190,191,1923,2114
004191,95,646,741
004192,261,2407,2668
004193,9,146,155
004194,127,1452,1579
004195,39,374,413
004196,78,875,953
004197,70,743,813
004198,48,311,359
004199,32,442,474
004200,9,150,159
004201,90,1130,1220
004202,82,648,730
004203,1716,15626,17342
004204,7,79,86
004205,92,888,980
004206,8,146,154
004207,24,390,414
004208,350,2665,3015
004209,175,2139,2314
004210,201,1646,1847
004211,288,2081,2369
004212,324,2537,2861
004213,342,3532,3874
004214,129,1217,1346
004215,2225,19217,21442
004216,16,161,177
004217,241,1886,2127
004218,58,480,538
004219,14,287,301
004220,43,430,473
004221,22,289,311
004222,659,5592,6251
004223,247,2436,2683
004224,6,90,96
004225,309,1855,2164
004226,11,154,165
004227,39,455,494
004228,75,651,726
004229,3,44,47
004230,68,702,770
004231,22,287,309
004232,289,1928,2217
004233,87,835,922
004234,81,711,792
004235,2,98,100
004237,133,1228,1361
004238,57,488,545
004239,92,1023,1115
004240,683,5745,6428
004241,244,2069,2313
004242,279,2914,3193
004243,304,2325,2629
004244,322,2554,2876
004245,607,5154,5761
004246,83,667,750
004247,155,1404,1559
004248,45,558,603
004249,18,344,362
004250,37,454,491
005001,135,1422,1557
005002,23,469,492
005003,69,897,966
005004,39,526,565
005005,7094,67254,74348
005006,31,353,384
005007,125,992,1117
005008,27,283,310
005009,28,375,403
005010,18,279,297
005011,70,747,817
005012,240,2296,2536
005013,144,1507,1651
005014,116,1122,1238
005015,100,1076,1176
005016,29,375,404
005017,906,9259,10165
005018,121,873,994
005019,29,294,323
005020,32,565,597
005021,45,493,538
005022,347,3299,3646
005023,104,1055,1159
005024,41,543,584
005025,224,2432,2656
005026,31,260,291
005027,6,133,139
005028,157,1650,1807
005029,61,752,813
005030,43,663,706
005031,252,2850,3102
005032,40,349,389
005033,72,632,704
005034,42,420,462
005035,31,196,227
005036,49,544,593
005037,23,339,362
005038,27,200,227
005039,31,399,430
005040,101,1123,1224
005041,32,256,288
005042,103,1300,1403
005044,19,183,202
005045,26,286,312
005046,25,248,273
005047,52,537,589
005048,37,480,517
005049,47,465,512
005050,542,5148,5690
005051,34,406,440
005052,87,975,1062
005053,158,1357,1515
005054,30,485,515
005055,73,649,722
005056,42,497,539
005057,46,541,587
005058,240,1808,2048
005059,193,1809,2002
005060,26,294,320
005061,8,222,230
005062,24,359,383
005063,54,452,506
005064,9,191,200
005065,71,947,1018
005066,164,1964,2128
005067,91,891,982
005068,81,803,884
005069,189,2599,2788
005070,85,789,874
005071,71,784,855
005072,26,301,327
005073,65,859,924
005074,62,655,717
005075,96,1126,1222
005076,226,2085,2311
005077,83,978,1061
005079,12,174,186
005080,978,9219,10197
005081,3,68,71
005082,36,381,417
005083,41,404,445
005084,30,503,533
005085,6,202,208
005086,42,528,570
005087,181,1781,1962
005088,13,146,159
005089,142,1407,1549
005090,49,708,757
005091,29,337,366
005092,28,439,467
005093,60,855,915
005094,29,346,375
005095,28,322,350
005096,127,1241,1368
005097,879,7117,7996
005098,5,98,103
005099,56,619,675
005100,80,909,989
005101,94,1094,1188
005103,41,485,526
005104,1,102,103
005105,21,226,247
005106,59,481,540
005107,8,149,157
005108,162,1560,1722
005109,67,714,781
005110,9,206,215
005111,31,251,282
005112,258,2155,2413
005113,52,552,604
005114,21,221,242
005115,56,799,855
005116,58,747,805
005117,284,2684,2968
005118,598,4908,5506
005119,27,339,366
005120,33,524,557
005121,126,1442,1568
006001,1542,17951,19493
006002,19,277,296
006003,8554,83550,92104
006004,53,686,739
006005,59,668,727
006007,24,388,412
006008,32,320,352
006009,615,5627,6242
006010,15,242,257
006011,106,1195,1301
006012,198,1827,2025
006013,106,1501,1607
006014,41,458,499
006015,51,659,710
006016,15,143,158
006017,127,1653,1780
006018,166,1765,1931
006019,35,513,548
006020,134,1241,1375
006021,204,2057,2261
006022,72,1041,1113
006023,14,304,318
006024,27,399,426
006025,27,452,479
006026,30,436,466
006027,48,679,727
006028,28,426,454
006029,145,1662,1807
006030,114,981,1095
006031,31,298,329
006032,28,389,417
006033,45,867,912
006034,3,86,89
006035,48,439,487
006036,50,673,723
006037,89,1072,1161
006038,19,346,365
006039,2561,30652,33213
006040,87,885,972
006041,3,112,115
006043,253,2625,2878
006044,60,793,853
006045,9,76,85
006046,23,372,395
006047,416,3898,4314
006048,6,140,146
006049,124,1745,1869
006050,38,415,453
006051,111,1333,1444
006052,41,571,612
006053,395,4487,4882
006054,24,367,391
006055,15,242,257
006056,33,444,477
006057,28,362,390
006058,23,276,299
006059,98,1209,1307
006060,36,413,449
006061,70,875,945
006062,24,299,323
006063,81,921,1002
006065,9,166,175
006066,6,172,178
006067,23,566,589
006068,169,1993,2162
006069,15,292,307
006070,53,447,500
006071,35,395,430
006072,34,437,471
006073,112,1267,1379
006074,44,577,621
006075,176,1680,1856
006076,161,1417,1578
006077,49,962,1011
006078,66,756,822
006079,37,579,616
006081,384,4070,4454
006082,65,617,682
006083,14,280,294
006084,10,230,240
006085,28,441,469
006086,32,268,300
006087,48,597,645
006088,56,767,823
006090,3,80,83
006091,112,1185,1297
006092,102,1169,1271
006093,14,166,180
006094,83,1135,1218
006095,157,1913,2070
006096,37,527,564
006097,70,864,934
006098,12,187,199
006099,11,182,193
006100,5,141,146
006101,45,511,556
006102,10,234,244
006103,14,229,243
006104,36,575,611
006105,23,282,305
006106,37,475,512
006107,28,256,284
006108,16,277,293
006109,84,1260,1344
006110,19,397,416
006111,44,662,706
006112,48,566,614
006113,84,1235,1319
006114,2440,25346,27786
006115,125,1129,1254
006116,30,371,401
006117,27,210,237
006118,6,108,114
006119,43,365,408
006120,40,548,588
006121,919,10052,10971
006122,99,1094,1193
006123,88,1277,1365
006124,13,192,205
006125,22,488,510
006126,19,600,619
006127,118,1158,1276
006128,95,1078,1173
006129,65,809,874
006131,17,312,329
006132,294,3133,3427
006133,117,1237,1354
006134,30,510,540
006135,26,299,325
006136,46,952,998
006137,10,290,300
006138,406,4056,4462
006139,32,442,474
006140,147,1774,1921
006141,141,1207,1348
006142,132,1404,1536
006143,53,556,609
006144,103,1273,1376
006145,14,382,396
006146,6,119,125
006147,107,1340,1447
006148,13,208,221
006149,89,1383,1472
006150,16,321,337
006151,359,3558,3917
006152,32,514,546
006153,97,1103,1200
006154,321,3769,4090
006155,37,483,520
006156,16,351,367
006157,20,364,384
006158,97,1041,1138
006159,34,479,513
006160,623,5255,5878
006161,97,1102,1199
006162,150,1716,1866
006163,120,1429,1549
006164,10,181,191
006165,49,904,953
006166,33,324,357
006167,211,2170,2381
006168,178,1724,1902
006169,110,1423,1533
006170,43,554,597
006171,90,817,907
006172,54,792,846
006173,91,1230,1321
006174,2474,24618,27092
006175,20,245,265
006176,42,627,669
006177,1433,16806,18239
006178,68,888,956
006179,63,883,946
006180,156,1874,2030
006181,318,2746,3064
006182,38,440,478
006183,71,807,878
006184,12,282,294
006185,173,1576,1749
006186,46,614,660
006187,85,1087,1172
006188,96,1064,1160
006189,7,123,130
006190,47,625,672
006191,153,1706,1859
006192,131,1532,1663
006193,98,1262,1360
007001,16,193,209
007002,59,498,557
007003,3090,30319,33409
007004,119,1116,1235
007005,88,773,861
007006,33,268,301
007007,172,1227,1399
007008,231,1860,2091
007009,13,101,114
007010,17,203,220
007011,92,851,943
007012,83,800,883
007013,80,664,744
007014,55,495,550
007015,82,803,885
007016,3,107,110
007017,64,642,706
007018,24,366,390
007019,228,2108,2336
007020,376,4078,4454
007021,106,1250,1356
007022,225,2508,2733
007023,209,2199,2408
007024,47,457,504
007025,23,194,217
007026,51,436,487
007027,210,1559,1769
007028,38,396,434
007029,39,411,450
007030,193,1525,1718
007031,373,3022,3395
007032,43,283,326
007033,82,742,824
007034,108,1067,1175
007035,83,573,656
007036,38,359,397
007037,135,1199,1334
007038,69,655,724
007039,8,101,109
007040,236,1751,1987
007041,80,749,829
007042,44,403,447
007043,152,1638,1790
007044,215,1867,2082
007045,337,2631,2968
007046,17,146,163
007047,19,195,214
007048,45,401,446
007049,152,1359,1511
007050,13,161,174
007051,73,736,809
007052,344,3199,3543
007053,98,908,1006
007054,497,3554,4051
007055,1,83,84
007056,14,163,177
007057,103,929,1032
007058,354,3053,3407
007059,42,331,373
007060,134,1188,1322
007061,43,284,327
007062,20,169,189
007063,361,2840,3201
007064,26,306,332
007065,370,4032,4402
007066,468,4291,4759
007067,63,498,561
007068,12,183,195
007069,47,556,603
007070,11,160,171
007071,221,2035,2256
007072,120,1140,1260
007073,238,2308,2546
007074,109,1156,1265
008001,27,328,355
008002,59,536,595
008003,10,141,151
008004,11,105,116
008005,23,313,336
008006,76,992,1068
008007,10,338,348
008008,776,9299,10075
008009,32,370,402
008010,63,745,808
008011,605,4886,5491
008012,17,234,251
008014,117,1126,1243
008015,6,253,259
008016,89,1029,1118
008017,96,1038,1134
008018,18,254,272
008019,49,530,579
008020,56,455,511
008021,111,1070,1181
008022,59,556,615
008023,7,174,181
008024,53,707,760
008025,60,614,674
008026,224,2040,2264
008027,430,5245,5675
008028,98,988,1086
008029,217,1850,2067
008030,129,1164,1293
008031,3642,38334,41976
008032,73,594,667
008033,27,243,270
008034,8,161,169
008035,35,549,584
008037,5,118,123
008038,15,181,196
008039,219,2961,3180
008040,71,741,812
008041,35,402,437
008042,121,1196,1317
008043,50,710,760
008044,88,749,837
008045,223,2103,2326
008046,36,617,653
008047,32,440,472
008048,52,488,540
008049,24,287,311
008050,221,2575,2796
008051,33,257,290
008052,247,2794,3041
008053,100,1158,1258
008054,105,1149,1254
008055,4014,48313,52327
008056,140,1898,2038
008057,20,259,279
008058,109,877,986
008059,1337,12571,13908
008060,21,217,238
008061,22,331,353
008062,122,1162,1284
008063,599,6192,6791
008064,18,362,380
008065,2121,21526,23647
008066,16,232,248
008067,42,394,436
008068,30,463,493
009001,759,9563,10322
009002,2145,21159,23304
009003,383,4868,5251
009004,665,8957,9622
009005,149,1819,1968
009006,557,6732,7289
009007,51,531,582
009008,38,496,534
009009,62,686,748
009010,65,1012,1077
009011,212,2288,2500
009012,335,4201,4536
009013,129,1937,2066
009014,17,338,355
009015,1109,11555,12664
009016,122,1583,1705
009017,105,1325,1430
009018,392,4975,5367
009019,53,652,705
009020,36,284,320
009021,8,124,132
009022,382,4643,5025
009023,254,3036,3290
009024,494,4898,5392
009025,205,1879,2084
009026,84,964,1048
009027,153,1753,1906
009028,7,210,217
009029,797,10455,11252
009030,134,1154,1288
009031,83,905,988
009032,15,393,408
009033,136,1580,1716
009034,834,9883,10717
009035,69,868,937
009036,82,988,1070
009037,7,97,104
009038,332,2892,3224
009039,30,468,498
009040,55,712,767
009041,10,160,170
009042,141,2318,2459
009043,14,201,215
009044,64,855,919
009045,187,1399,1586
009046,33,402,435
009047,74,849,923
009048,44,738,782
009049,618,7714,8332
009050,57,569,626
009051,49,784,833
009052,573,6407,6980
009053,51,505,556
009054,60,705,765
009055,115,1656,1771
009056,4876,53690,58566
009057,229,3322,3551
009058,252,2705,2957
009059,61,759,820
009060,8,165,173
009061,279,2381,2660
009062,246,2296,2542
009063,20,651,671
009064,700,7404,8104
009065,1001,11737,12738
009066,16,349,365
009067,62,733,795
009068,299,2474,2773
009069,23,268,291
010001,929,10248,11177
010002,236,2313,2549
010003,220,2339,2559
010004,374,4008,4382
010005,137,1757,1894
010006,392,4865,5257
010007,316,4783,5099
010008,224,2576,2800
010009,461,6073,6534
010010,357,3349,3706
010011,662,6052,6714
010012,271,2838,3109
010013,133,1452,1585
010014,298,3401,3699
010015,2376,24938,27314
010016,219,2023,2242
010017,742,8083,8825
010018,584,5110,5694
010019,25,242,267
010020,28,493,521
010021,135,1674,1809
010022,0,70,70
010023,44,390,434
010024,13,245,258
010025,47008,511922,558930
010026,2,88,90
010027,107,1303,1410
010028,1021,11316,12337
010029,200,2214,2414
010030,14,403,417
010031,102,1366,1468
010032,264,3259,3523
010033,257,2381,2638
010034,153,1322,1475
010035,296,3241,3537
010036,205,2273,2478
010037,205,2404,2609
010038,14,196,210
010039,141,1876,2017
010040,209,1959,2168
010041,47,767,814
010042,39,471,510
010043,224,2248,2472
010044,15,351,366
010045,7,122,129
010046,2437,26476,28913
010047,765,8778,9543
010048,52,861,913
010049,362,3840,4202
010050,1,54,55
010051,215,2387,2602
010052,21,476,497
010053,261,2344,2605
010054,645,8118,8763
010055,502,5156,5658
010056,48,975,1023
010057,260,2804,3064
010058,726,6959,7685
010059,1477,16493,17970
010060,335,3682,4017
010061,18,476,494
010062,147,2078,2225
010063,51,525,576
010064,201,1946,2147
010065,43,714,757
010066,11,364,375
010067,157,2165,2322
011001,298,3993,4291
011002,877,9295,10172
011003,179,2095,2274
011004,675,6662,7337
011005,33,784,817
011006,60,828,888
011007,96,1194,1290
011008,65,998,1063
011009,26,493,519
011010,19,453,472
011011,744,7585,8329
011012,79,1265,1344
011013,605,5657,6262
011014,40,592,632
011015,8437,83440,91877
011016,644,9042,9686
011017,427,4855,5282
011018,29,567,596
011019,116,1265,1381
011020,684,7611,8295
011021,38,501,539
011022,200,3152,3352
011023,366,3226,3592
011024,94,1309,1403
011025,45,627,672
011026,1010,8847,9857
011027,1869,19870,21739
011028,65,1235,1300
011029,133,1721,1854
011030,40,724,764
011031,604,6566,7170
011032,39,450,489
012001,48,353,401
012002,537,4680,5217
012003,431,4976,5407
012004,1070,8830,9900
012005,499,4266,4765
012006,472,4132,4604
012007,63,680,743
012008,144,1505,1649
012009,144,1437,1581
012010,63,597,660
012011,250,2269,2519
012012,544,4876,5420
012013,823,7977,8800
012014,295,2911,3206
012015,463,3838,4301
012016,229,1963,2192
012017,301,2891,3192
012018,95,729,824
012019,171,1567,1738
012020,144,1074,1218
012021,64,725,789
012022,130,1085,1215
012023,72,872,944
012024,130,1033,1163
012025,275,2811,3086
012026,8363,74758,83121
012027,276,1877,2153
012029,772,6894,7666
012030,484,4225,4709
012031,267,2310,2577
012032,1542,12901,14443
012033,730,5887,6617
012034,2304,15636,17940
012035,448,4324,4772
012036,287,2421,2708
012037,149,1195,1344
012038,291,3328,3619
012039,579,5053,5632
012040,2174,18956,21130
012041,81,565,646
012042,1334,12983,14317
012043,65,481,546
012044,113,1186,1299
012045,148,1752,1900
012046,751,6877,7628
012047,447,4584,5031
012048,660,5045,5705
012049,89,705,794
012050,1152,9041,10193
012051,368,3429,3797
012052,167,1732,1899
012053,450,4193,4643
012054,114,1101,1215
012055,327,2567,2894
012056,86,698,784
012057,55,541,596
012058,432,3128,3560
012059,344,2676,3020
012060,310,2633,2943
012061,14,141,155
012062,339,2933,3272
012063,137,1496,1633
012064,297,2761,3058
012065,148,1321,1469
012066,8,127,135
012067,1446,10855,12301
012068,676,6005,6681
012069,86,597,683
012070,5866,48094,53960
012071,100,882,982
012072,871,8208,9079
012073,455,4071,4526
012074,305,2596,2901
012075,1267,9528,10795
012076,382,3460,3842
012077,236,2390,2626
012078,447,4500,4947
012079,775,7342,8117
012080,207,1960,2167
012081,135,1097,1232
012082,107,955,1062
012083,999,9255,10254
012084,592,4709,5301
012085,553,4632,5185
012086,607,5224,5831
012087,614,7791,8405
012088,350,3330,3680
012089,578,4451,5029
012090,1156,10220,11376
012091,140,1092,1232
012092,1391,12857,14248
012093,122,1178,1300
012095,125,1110,1235
012096,1703,14672,16375
012097,401,3044,3445
012098,954,7053,8007
012099,22,285,307
012100,31,269,300
012101,177,1609,1786
012102,211,1396,1607
012103,168,1315,1483
012104,210,1728,1938
012105,408,3838,4246
012106,525,4416,4941
012107,457,3820,4277
012108,1366,11182,12548
012109,903,6953,7856
012110,76,739,815
012113,264,2562,2826
012114,193,2094,2287
012115,99,799,898
012116,120,1162,1282
012117,324,2697,3021
012118,1568,14467,16035
012119,3853,34623,38476
012120,1124,10036,11160
012121,423,3581,4004
012122,517,4833,5350
012123,1860,15607,17467
012124,573,5483,6056
012125,382,3215,3597
012126,238,2288,2526
012127,1996,16639,18635
012128,426,3573,3999
012129,11,195,206
012130,1143,9499,10642
012131,174,1409,1583
012132,230,2220,2450
012133,7159,72880,80039
012134,761,6531,7292
012136,559,5414,5973
012137,776,6506,7282
012138,856,7793,8649
012139,480,4586,5066
012140,53,513,566
012141,166,1312,1478
012142,190,2260,2450
012143,327,2302,2629
013003,614,5748,6362
013004,401,3729,4130
013005,280,2403,2683
013006,126,1141,1267
013007,479,4315,4794
013009,186,1610,1796
013010,718,6889,7607
013011,67,614,681
013012,577,4507,5084
013013,379,3188,3567
013015,56,508,564
013021,27,288,315
013022,355,2414,2769
013023,492,4265,4757
013024,210,1492,1702
013025,28,259,287
013026,89,1064,1153
013028,737,5709,6446
013029,253,1931,2184
013030,18,314,332
013032,136,1505,1641
013034,448,3535,3983
013035,738,6666,7404
013036,869,7092,7961
013037,47,446,493
013040,157,1712,1869
013041,4094,35419,39513
013042,489,4672,5161
013043,535,4916,5451
013044,73,1049,1122
013045,248,2659,2907
013046,432,3973,4405
013047,373,2729,3102
013048,699,5911,6610
013052,160,1489,1649
013053,524,4478,5002
013055,416,2922,3338
013058,105,1145,1250
013059,98,807,905
013062,15,166,181
013063,35,505,540
013064,908,8265,9173
013065,504,5981,6485
013068,184,1875,2059
013071,56,498,554
013074,34,428,462
013075,7717,77091,84808
013077,92,715,807
013083,60,616,676
013084,337,3130,3467
013085,9,195,204
013087,43,551,594
013089,129,1332,1461
013090,293,2951,3244
013092,16,207,223
013095,1488,14466,15954
013097,244,2356,2600
013098,92,1077,1169
013099,596,4126,4722
013100,347,2830,3177
013101,479,4548,5027
013102,1111,8686,9797
013106,34,655,689
013107,127,923,1050
013110,280,2502,2782
013111,124,1173,1297
013113,32,559,591
013114,625,5085,5710
013118,957,8149,9106
013119,68,812,880
013120,57,471,528
013121,289,2217,2506
013123,51,408,459
013126,212,1791,2003
013128,527,3316,3843
013129,582,5360,5942
013130,8,154,162
013131,476,3733,4209
013133,1183,8718,9901
013134,232,1687,1919
013135,281,2440,2721
013136,567,4720,5287
013137,296,2255,2551
013138,961,8718,9679
013139,65,585,650
013143,2702,22126,24828
013144,294,2876,3170
013145,280,2805,3085
013147,412,3634,4046
013152,113,1455,1568
013153,289,2065,2354
013154,644,4651,5295
013155,8,216,224
013157,226,2244,2470
013159,982,7670,8652
013160,80,866,946
013161,99,1078,1177
013163,288,2575,2863
013165,1237,10426,11663
013169,254,2115,2369
013170,254,2415,2669
013178,21,161,182
013183,94,940,1034
013184,10,234,244
013185,67,764,831
013186,53,627,680
013187,9,222,231
013188,443,3850,4293
013189,528,4234,4762
013192,89,819,908
013193,142,1223,1365
013195,33,270,303
013197,148,1122,1270
013199,180,1462,1642
013201,890,7042,7932
013202,732,5464,6196
013203,33,452,485
013204,89,865,954
013206,758,7056,7814
013207,20,255,275
013211,71,805,876
013212,321,2798,3119
013216,132,1057,1189
013217,36,598,634
013218,53,557,610
013222,569,5124,5693
013223,87,1044,1131
013226,29,206,235
013227,1058,8321,9379
013228,536,4369,4905
013229,270,2333,2603
013232,237,2374,2611
013233,25,133,158
013234,123,1337,1460
013236,7,193,200
013238,369,2691,3060
013239,63,683,746
013242,452,3677,4129
013245,841,7037,7878
013246,20,170,190
013248,125,1591,1716
013249,347,3748,4095
013250,331,3285,3616
013251,565,4816,5381
013252,453,4565,5018
013253,261,2717,2978
013254,365,3147,3512
013255,500,4174,4674
014001,10,276,286
014002,261,2776,3037
014003,72,511,583
014004,127,1355,1482
014005,320,2904,3224
014006,4,113,117
014007,352,3695,4047
014008,142,1136,1278
014009,404,3687,4091
014010,193,1784,1977
014011,96,961,1057
014012,83,834,917
014013,95,1267,1362
014014,40,559,599
014015,146,1409,1555
014016,27,405,432
014017,85,705,790
014018,650,6557,7207
014019,184,2195,2379
014020,237,2213,2450
014021,34,302,336
014022,98,1029,1127
014023,114,1239,1353
014024,519,4901,5420
014025,55,416,471
014026,385,2911,3296
014027,420,3265,3685
014028,50,482,532
014029,66,702,768
014030,43,506,549
014031,6,152,158
014032,243,1702,1945
014033,423,4004,4427
014034,152,1492,1644
014035,59,477,536
014036,104,1179,1283
014037,1046,5745,6791
014038,71,559,630
014039,80,663,743
014040,106,916,1022
014041,87,852,939
014043,207,1631,1838
014044,261,2706,2967
014045,1188,11154,12342
014046,198,1681,1879
014047,3,32,35
014048,183,1245,1428
014049,194,1896,2090
014050,192,1722,1914
014051,189,1658,1847
014052,209,2034,2243
014053,59,575,634
014054,326,2619,2945
014055,21,269,290
014056,71,469,540
014057,302,2553,2855
014058,27,334,361
014059,61,430,491
014060,327,3669,3996
014061,1905,19378,21283
014062,8,71,79
014063,460,4150,4610
014064,11,186,197
014065,396,4034,4430
014066,814,8024,8838
014067,63,692,755
014068,69,574,643
014069,359,2476,2835
014070,188,1825,2013
014071,524,3636,4160
014072,403,3224,3627
014073,227,2286,2513
014074,59,814,873
014075,100,962,1062
014076,21,189,210
014077,107,848,955
014078,286,2645,2931
015002,3431,29042,32473
015005,427,4242,4669
015007,731,5927,6658
015009,1920,17281,19201
015010,1419,10725,12144
015011,1079,7853,8932
015012,1731,15411,17142
015014,395,3268,3663
015015,826,7078,7904
015016,370,3393,3763
015019,297,2726,3023
015022,212,1824,2036
015024,663,6488,7151
015026,361,3738,4099
015027,3383,32572,35955
015032,2488,23870,26358
015035,284,2139,2423
015036,2776,23935,26711
015038,469,4071,4540
015040,711,7678,8389
015041,1398,12526,13924
015042,141,1075,1216
015044,885,6134,7019
015046,1190,11281,12471
015050,585,3525,4110
015051,1662,13877,15539
015055,475,3537,4012
015058,573,4918,5491
015059,1923,16911,18834
015060,1593,12308,13901
015061,187,1642,1829
015062,1132,9805,10937
015070,4259,30541,34800
015071,536,4556,5092
015072,1597,13468,15065
015074,2293,20875,23168
015076,1536,12755,14291
015077,7883,65654,73537
015078,675,4245,4920
015081,4854,41833,46687
015082,232,1754,1986
015085,2254,16297,18551
015086,2151,18054,20205
015087,2003,18097,20100
015093,3375,29946,33321
015096,820,7343,8163
015097,486,3807,4293
015098,1687,16624,18311
015099,771,5564,6335
015101,339,2650,2989
015103,1024,8105,9129
015105,2620,24268,26888
015106,1000,7697,8697
015108,2309,18326,20635
015110,384,2661,3045
015112,162,1434,1596
015113,804,7705,8509
015114,1260,9972,11232
015115,987,7978,8965
015116,2662,23014,25676
015118,5961,52977,58938
015122,472,3563,4035
015125,1226,9057,10283
015130,2345,21573,23918
015131,977,8269,9246
015134,636,5497,6133
015136,392,3190,3582
015139,1379,10576,11955
015140,2078,16008,18086
015142,1825,16451,18276
015144,435,3765,4200
015146,137441,1260274,1397715
015150,88,937,1025
015151,895,7142,8037
015154,1536,15350,16886
015155,39,602,641
015157,1876,18213,20089
015158,536,3935,4471
015159,1463,12539,14002
015164,398,3856,4254
015165,138,1279,1417
015166,4863,43117,47980
015167,591,5205,5796
015168,3100,24977,28077
015169,1147,9942,11089
015170,1171,10121,11292
015171,2568,21192,23760
015172,826,8181,9007
015173,1576,13927,15503
015175,4281,31540,35821
015176,772,7554,8326
015177,844,5566,6410
015178,871,7658,8529
015179,868,6447,7315
015181,1411,12656,14067
015182,4947,44662,49609
015183,472,4266,4738
015184,650,6107,6757
015185,515,4084,4599
015188,635,5144,5779
015189,4547,36776,41323
015191,660,6663,7323
015192,3269,28801,32070
015194,633,6070,6703
015195,4587,33687,38274
015200,585,4350,4935
015201,815,7443,8258
015202,498,3867,4365
015204,1392,10912,12304
015205,3817,31954,35771
015206,2218,19265,21483
015209,7913,72676,80589
015210,796,6520,7316
015211,2025,17713,19738
015213,1527,12376,13903
015219,629,4611,5240
015220,2448,18781,21229
015221,1144,10714,11858
015222,437,3186,3623
015224,580,5209,5789
015226,712,6331,7043
015229,1109,8202,9311
015230,1163,8023,9186
015236,346,2944,3290
015237,1079,8231,9310
015242,1829,14824,16653
015243,999,7977,8976
015244,384,3554,3938
015247,743,6045,6788
015248,578,5564,6142
015249,555,4678,5233
015250,1358,10359,11717
015251,708,5086,5794
016001,247,1938,2185
016002,72,710,782
016003,946,7317,8263
016004,1720,15809,17529
016005,471,5015,5486
016006,770,5682,6452
016007,516,5090,5606
016008,1343,12027,13370
016009,229,2137,2366
016010,423,2721,3144
016011,538,4230,4768
016012,314,3078,3392
016013,269,2442,2711
016014,13,157,170
016015,49,504,553
016016,779,6743,7522
016017,26,350,376
016018,541,3805,4346
016019,76,594,670
016020,442,3774,4216
016021,259,1746,2005
016022,74,630,704
016023,250,2202,2452
016024,11240,108444,119684
016025,221,1172,1393
016026,43,546,589
016027,6,68,74
016028,902,5498,6400
016029,814,5364,6178
016030,1409,8678,10087
016031,752,5847,6599
016032,159,994,1153
016033,112,877,989
016034,515,4482,4997
016035,68,655,723
016036,53,628,681
016037,933,7485,8418
016038,859,7004,7863
016040,745,5320,6065
016041,15,98,113
016042,656,4918,5574
016043,769,5162,5931
016044,634,4698,5332
016046,877,7285,8162
016047,482,3790,4272
016048,37,534,571
016049,455,3733,4188
016050,107,1084,1191
016051,860,7269,8129
016052,323,2758,3081
016053,1784,14386,16170
016055,619,4109,4728
016056,13,275,288
016057,511,4128,4639
016058,419,3460,3879
016059,428,3559,3987
016060,288,2845,3133
016061,5,106,111
016062,1233,8936,10169
016063,325,2488,2813
016064,277,3085,3362
016065,92,1164,1256
016066,330,2273,2603
016067,202,1444,1646
016068,267,2274,2541
016069,522,3376,3898
016070,403,3752,4155
016071,152,1438,1590
016072,448,2938,3386
016073,741,5276,6017
016074,660,5537,6197
016075,645,4754,5399
016076,528,4487,5015
016077,837,7682,8519
016078,99,1017,1116
016079,1261,9738,10999
016080,150,1481,1631
016081,552,3823,4375
016082,105,821,926
016083,215,1712,1927
016084,416,2862,3278
016085,30,517,547
016086,938,8080,9018
016087,578,3521,4099
016088,469,3053,3522
016089,674,6702,7376
016090,4,211,215
016091,2339,21007,23346
016092,62,825,887
016093,327,3023,3350
016094,252,1727,1979
016096,839,7067,7906
016097,151,1141,1292
016098,361,2759,3120
016099,107,1023,1130
016100,306,2654,2960
016101,618,4168,4786
016102,39,512,551
016103,5,170,175
016104,327,2725,3052
016105,434,2937,3371
016106,14,192,206
016107,90,883,973
016108,436,4782,5218
016109,139,1299,1438
016110,91,753,844
016111,458,4482,4940
016113,761,5341,6102
016114,535,4590,5125
016115,707,5844,6551
016116,117,1375,1492
016117,703,5760,6463
016118,99,1066,1165
016119,100,755,855
016120,888,6462,7350
016121,6,160,166
016122,67,563,630
016123,417,3706,4123
016124,348,3963,4311
016125,44,517,561
016126,396,3287,3683
016127,97,731,828
016128,414,4652,5066
016129,382,2435,2817
016130,91,783,874
016131,468,3510,3978
016132,826,6000,6826
016133,1350,9407,10757
016134,10,153,163
016135,298,2629,2927
016136,11,191,202
016137,91,1041,1132
016139,392,2835,3227
016140,266,2195,2461
016141,345,2537,2882
016142,491,3900,4391
016143,692,6639,7331
016144,1157,10086,11243
016145,40,453,493
016146,83,895,978
016147,8,138,146
016148,40,535,575
016149,81,816,897
016150,178,1498,1676
016151,3,140,143
016152,631,4598,5229
016153,1435,11037,12472
016154,255,1824,2079
016155,448,3568,4016
016156,580,3926,4506
016157,680,4986,5666
016158,283,2410,2693
016159,26,332,358
016160,632,5245,5877
016161,181,1565,1746
016162,176,1269,1445
016163,83,961,1044
016164,101,1112,1213
016165,11,370,381
016166,8,79,87
016167,210,1344,1554
016168,137,1603,1740
016169,632,6090,6722
016170,1327,10184,11511
016171,368,2952,3320
016172,532,4388,4920
016173,468,4052,4520
016174,144,1659,1803
016175,76,1003,1079
016176,505,4266,4771
016177,189,1482,1671
016178,568,5323,5891
016179,102,1135,1237
016180,74,830,904
016182,425,3349,3774
016183,2517,17800,20317
016184,32,382,414
016185,76,731,807
016186,101,800,901
016187,478,3638,4116
016188,373,4287,4660
016189,731,4994,5725
016190,450,4307,4757
016191,38,483,521
016193,671,6026,6697
016194,1058,8726,9784
016195,92,1058,1150
016196,235,2227,2462
016197,162,1832,1994
016198,2655,22089,24744
016199,171,1853,2024
016200,183,1594,1777
016201,55,639,694
016202,875,8123,8998
016203,519,3917,4436
016204,534,4628,5162
016205,94,880,974
016206,728,4941,5669
016207,1586,11657,13243
016208,96,963,1059
016209,384,3336,3720
016210,36,498,534
016211,172,1842,2014
016212,590,4321,4911
016213,1019,6970,7989
016214,919,7722,8641
016215,267,1925,2192
016216,272,2191,2463
016217,121,960,1081
016218,1109,8434,9543
016219,3383,26913,30296
016220,1161,9569,10730
016221,133,1228,1361
016222,1159,8642,9801
016223,82,904,986
016224,505,3853,4358
016225,67,520,587
016226,15,119,134
016227,20,187,207
016229,10,241,251
016230,15,173,188
016232,955,6514,7469
016233,955,7160,8115
016234,439,4063,4502
016235,122,988,1110
016236,137,1166,1303
016237,68,509,577
016238,468,4017,4485
016239,648,5924,6572
016240,715,5959,6674
016241,176,1609,1785
016242,951,7003,7954
016243,139,1297,1436
016244,304,2383,2687
016245,1015,7580,8595
016246,814,7826,8640
016247,71,809,880
016248,56,601,657
016249,32,259,291
016250,251,2091,2342
016251,239,1790,2029
016252,424,3439,3863
016253,415,3790,4205
017001,162,1348,1510
017002,773,6330,7103
017003,126,1518,1644
017004,235,2153,2388
017005,37,409,446
017006,200,2145,2345
017007,385,3160,3545
017008,442,2873,3315
017009,1377,11029,12406
017010,280,3492,3772
017011,217,2065,2282
017012,123,1024,1147
017013,263,2048,2311
017014,1440,10747,12187
017015,337,2394,2731
017016,93,1469,1562
017017,301,2135,2436
017018,365,3412,3777
017019,126,1193,1319
017020,648,4729,5377
017021,966,8055,9021
017022,183,2336,2519
017023,997,9571,10568
017024,182,1871,2053
017025,678,6715,7393
017026,212,1466,1678
017027,76,607,683
017028,424,4270,4694
017029,19303,175799,195102
017030,76,660,736
017031,214,1883,2097
017032,1543,11267,12810
017033,412,3140,3552
017034,925,7477,8402
017035,238,2168,2406
017036,27,319,346
017037,490,4132,4622
017038,1035,8263,9298
017039,1651,11226,12877
017040,978,7350,8328
017041,896,5737,6633
017042,1175,9673,10848
017043,1252,10134,11386
017044,155,1488,1643
017045,1024,6419,7443
017046,1211,9717,10928
017047,105,1000,1105
017048,436,4468,4904
017049,56,599,655
017050,169,1627,1796
017051,55,774,829
017052,2147,16940,19087
017053,142,1340,1482
017054,39,493,532
017055,291,2430,2721
017056,1011,7712,8723
017057,381,4161,4542
017058,158,1909,2067
017059,944,6551,7495
017060,523,3467,3990
017061,1634,13903,15537
017062,729,6406,7135
017063,174,1739,1913
017064,174,1228,1402
017065,1582,14016,15598
017066,640,4888,5528
017067,2834,26480,29314
017068,446,4020,4466
017069,1020,7511,8531
017070,522,4640,5162
017071,176,1824,2000
017072,930,7844,8774
017073,483,4095,4578
017074,200,2427,2627
017075,1232,10158,11390
017076,205,2561,2766
017077,1405,10844,12249
017078,2121,16275,18396
017079,221,1931,2152
017080,544,4389,4933
017081,1661,14698,16359
017082,198,1695,1893
017083,28,318,346
017084,9,123,132
017085,866,8153,9019
017086,485,3574,4059
017087,30,451,481
017088,1578,12378,13956
017089,121,1015,1136
017090,137,1496,1633
017091,452,3266,3718
017092,1816,14801,16617
017093,39,522,561
017094,55,555,610
017095,21,354,375
017096,2085,19563,21648
017097,197,1265,1462
017098,1,104,105
017099,452,2990,3442
017100,187,1795,1982
017101,285,2807,3092
017102,521,4800,5321
017103,1401,11727,13128
017104,444,3730,4174
017105,54,605,659
017106,319,2797,3116
017107,1353,11047,12400
017108,187,1549,1736
017109,254,2287,2541
017110,45,469,514
017111,115,1531,1646
017112,479,4063,4542
017113,3166,22573,25739
017114,584,4439,5023
017115,76,697,773
017116,298,2336,2634
017117,875,9568,10443
017118,210,1773,1983
017119,422,3445,3867
017120,562,4081,4643
017121,249,1662,1911
017122,462,3592,4054
017123,325,2870,3195
017124,83,885,968
017125,1380,10935,12315
017126,230,2196,2426
017127,1837,12270,14107
017128,131,1371,1502
017129,495,4201,4696
017130,383,3219,3602
017131,16,157,173
017132,230,1909,2139
017133,2253,17722,19975
017134,519,4296,4815
017135,51,541,592
017136,701,6191,6892
017137,271,2417,2688
017138,505,3939,4444
017139,47,511,558
017140,51,531,582
017141,119,1336,1455
017142,589,4095,4684
017143,738,7134,7872
017144,218,2216,2434
017145,235,2425,2660
017146,449,3295,3744
017147,511,4631,5142
017148,168,1575,1743
017149,688,6222,6910
017150,819,6036,6855
017151,347,3186,3533
017152,311,2487,2798
017153,150,1343,1493
017155,840,5883,6723
017156,808,6411,7219
017157,73,817,890
017158,337,3132,3469
017159,590,5533,6123
017160,416,2917,3333
017161,1326,11820,13146
017162,664,4116,4780
017163,1112,8596,9708
017164,374,3963,4337
017165,964,8319,9283
017166,2436,16405,18841
017167,740,5065,5805
017168,507,3452,3959
017169,290,3020,3310
017170,911,9552,10463
017171,321,3130,3451
017172,396,2224,2620
017173,483,4179,4662
017174,1360,11806,13166
017175,48,799,847
017176,133,1286,1419
017177,118,1316,1434
017178,313,2745,3058
017179,832,7294,8126
017180,193,1747,1940
017181,136,1086,1222
017182,205,1718,1923
017183,100,1106,1206
017184,115,995,1110
017185,88,1104,1192
017186,734,5577,6311
017187,655,6979,7634
017188,1534,12072,13606
017189,219,1842,2061
017190,638,4737,5375
017191,31,487,518
017192,466,3221,3687
017193,157,1259,1416
017194,4,165,169
017195,785,7227,8012
017196,357,3389,3746
017197,463,3737,4200
017198,154,1312,1466
017199,1170,9260,10430
017200,123,1244,1367
017201,565,5209,5774
017202,55,581,636
017203,245,1753,1998
017204,948,7225,8173
017205,64,968,1032
017206,487,4207,4694
018001,64,733,797
018002,19,215,234
018003,33,475,508
018004,399,3156,3555
018005,135,1405,1540
018006,35,349,384
018007,40,587,627
018008,79,786,865
018009,184,1571,1755
018011,77,881,958
018012,79,586,665
018013,620,5541,6161
018014,330,2763,3093
018015,253,2345,2598
018016,104,1192,1296
018017,36,366,402
018018,77,837,914
018019,334,2309,2643
018020,45,564,609
018021,16,512,528
018022,50,652,702
018023,322,3115,3437
018024,971,8382,9353
018025,9,99,108
018026,124,943,1067
018027,116,1348,1464
018029,124,1201,1325
018030,143,1273,1416
018031,37,420,457
018032,99,778,877
018033,230,2147,2377
018034,963,7820,8783
018035,677,6113,6790
018036,50,665,715
018037,542,5994,6536
018038,78,877,955
018039,96,970,1066
018040,40,496,536
018041,604,6015,6619
018042,23,206,229
018043,304,1930,2234
018044,11,165,176
018045,50,642,692
018046,637,4781,5418
018047,92,1044,1136
018048,382,3524,3906
018049,111,1186,1297
018050,459,4829,5288
018051,66,875,941
018052,129,1427,1556
018053,177,1516,1693
018054,58,690,748
018057,68,914,982
018058,42,334,376
018059,23,342,365
018060,607,4310,4917
018061,418,4101,4519
018062,114,986,1100
018063,68,735,803
018064,26,327,353
018065,94,1029,1123
018066,9,164,173
018067,10,192,202
018068,917,8703,9620
018069,835,8621,9456
018071,135,1249,1384
018072,637,4598,5235
018073,211,2982,3193
018074,11,168,179
018075,285,2430,2715
018076,398,3936,4334
018077,168,1292,1460
018078,827,5534,6361
018079,28,337,365
018080,85,1046,1131
018081,298,2506,2804
018082,13,116,129
018083,145,1910,2055
018084,217,2231,2448
018085,162,1590,1752
018086,273,2161,2434
018087,182,1474,1656
018088,556,5707,6263
018089,18,327,345
018090,86,959,1045
018091,36,425,461
018092,78,1263,1341
018093,386,3194,3580
018094,81,782,863
018095,86,1425,1511
018096,46,473,519
018097,38,373,411
018098,14,239,253
018099,57,587,644
018100,116,1500,1616
018101,30,572,602
018102,1414,13828,15242
018103,19,272,291
018104,65,658,723
018105,7,157,164
018106,91,976,1067
018107,157,1657,1814
018108,19,284,303
018109,179,1669,1848
018110,6087,64884,70971
018111,57,707,764
018112,59,783,842
018113,121,1637,1758
018114,230,2346,2576
018115,137,1531,1668
018116,54,638,692
018117,44,717,761
018118,115,1323,1438
018119,27,372,399
018120,100,927,1027
018121,164,1384,1548
018122,471,4720,5191
018123,487,5272,5759
018124,33,496,529
018125,13,53,66
018126,8,200,208
018127,91,538,629
018128,23,598,621
018129,214,1314,1528
018130,27,513,540
018131,81,777,858
018133,49,423,472
018134,40,590,630
018135,357,3649,4006
018136,71,962,1033
018137,628,5783,6411
018138,423,4720,5143
018139,170,1701,1871
018140,142,1399,1541
018141,130,820,950
018142,15,451,466
018143,196,2090,2286
018144,73,714,787
018145,43,497,540
018146,91,1410,1501
018147,78,785,863
018148,8,196,204
018149,57,595,652
018150,752,5561,6313
018151,99,1053,1152
018152,52,478,530
018153,1025,10514,11539
018154,45,554,599
018155,116,1453,1569
018156,49,476,525
018157,118,803,921
018158,15,300,315
018159,256,2129,2385
018160,426,3066,3492
018161,76,748,824
018162,425,4038,4463
018163,301,2017,2318
018164,349,3298,3647
018165,119,907,1026
018166,32,553,585
018167,15,182,197
018168,174,1920,2094
018169,115,1345,1460
018171,184,2875,3059
018172,8,87,95
018173,392,2947,3339
018174,38,333,371
018175,81,1144,1225
018176,773,5747,6520
018177,6224,55884,62108
018178,4,55,59
018179,68,699,767
018180,322,2969,3291
018181,167,1359,1526
018182,3340,35252,38592
018183,3,121,124
018184,67,891,958
018185,174,1502,1676
018186,63,932,995
018187,43,426,469
018188,26,367,393
018189,192,1489,1681
018190,302,2818,3120
018191,75,751,826
018192,273,2199,2472
018193,65,978,1043
019001,93,1033,1126
019002,445,3409,3854
019003,168,1785,1953
019004,35,555,590
019005,502,4360,4862
019006,149,1303,1452
019007,60,508,568
019009,102,1057,1159
019010,111,1103,1214
019011,45,629,674
019012,206,1960,2166
019013,62,479,541
019014,54,357,411
019015,186,2090,2276
019016,282,3384,3666
019017,181,1636,1817
019018,96,1040,1136
019019,64,459,523
019020,225,1548,1773
019021,1583,13544,15127
019022,169,1406,1575
019023,50,521,571
019024,53,394,447
019025,946,8332,9278
019026,559,4950,5509
019027,24,258,282
019028,35,446,481
019029,260,1993,2253
019030,87,802,889
019031,100,1045,1145
019032,114,914,1028
019033,131,1183,1314
019034,118,1444,1562
019035,3197,31045,34242
019036,6609,64914,71523
019037,221,1507,1728
019038,58,567,625
019039,37,374,411
019040,22,279,301
019041,353,3373,3726
019043,132,1061,1193
019044,86,913,999
019045,92,765,857
019046,199,1701,1900
019047,125,1015,1140
019048,142,1183,1325
019049,58,570,628
019050,173,1332,1505
019051,143,1543,1686
019052,246,2380,2626
019053,75,1024,1099
019054,156,1789,1945
019055,252,2524,2776
019056,232,1478,1710
019057,268,1798,2066
019058,259,2004,2263
019059,252,2201,2453
019060,64,654,718
019061,64,757,821
019062,626,5248,5874
019063,75,837,912
019064,285,2481,2766
019065,122,1202,1324
019066,349,3419,3768
019067,920,7932,8852
019068,342,2969,3311
019069,141,1370,1511
019070,35,551,586
019072,274,2217,2491
019073,113,1002,1115
019074,117,1141,1258
019075,177,1401,1578
019076,531,5771,6302
019077,144,1267,1411
019078,82,799,881
019079,195,1541,1736
019080,104,888,992
019081,349,3006,3355
019082,60,469,529
019083,161,1670,1831
019084,771,7148,7919
019085,237,2021,2258
019086,346,2726,3072
019087,108,1014,1122
019088,198,1911,2109
019089,98,1178,1276
019090,237,1667,1904
019091,20,373,393
019092,113,1197,1310
019093,38,482,520
019094,340,3154,3494
019095,333,2850,3183
019096,73,827,900
019097,738,6773,7511
019098,987,7572,8559
019099,253,2778,3031
019100,111,1377,1488
019101,60,538,598
019102,732,6100,6832
019103,152,1281,1433
019104,38,372,410
019105,50,440,490
019106,42,393,435
019107,193,1866,2059
019108,51,516,567
019109,287,2486,2773
019110,151,1482,1633
019111,323,3282,3605
019112,442,4047,4489
019113,388,3343,3731
019114,28,433,461
019115,15,322,337
019116,380,3545,3925
020001,240,2549,2789
020002,999,9011,10010
020003,564,5148,5712
020007,401,3581,3982
020008,422,3795,4217
020010,212,1952,2164
020011,356,2285,2641
020012,142,1336,1478
020013,392,2801,3193
020014,452,4037,4489
020015,1540,11000,12540
020016,549,4630,5179
020017,2649,20664,23313
020018,329,3381,3710
020019,254,2271,2525
020020,92,999,1091
020021,1497,13218,14715
020022,317,2993,3310
020024,329,2619,2948
020025,182,1946,2128
020026,1024,8996,10020
020027,939,7795,8734
020028,671,5210,5881
020029,111,1328,1439
020030,4419,44104,48523
020031,568,5775,6343
020032,118,667,785
020033,760,6901,7661
020034,483,3641,4124
020035,494,4817,5311
020036,518,4410,4928
020037,260,2191,2451
020038,584,5996,6580
020039,676,6222,6898
020041,171,1516,1687
020042,601,5830,6431
020043,135,1509,1644
020044,239,2087,2326
020045,1663,14689,16352
020046,91,966,1057
020047,470,4818,5288
020048,106,1096,1202
020050,219,2226,2445
020051,524,4669,5193
020052,674,6154,6828
020053,895,7617,8512
020054,370,3763,4133
020055,576,6177,6753
020056,115,1380,1495
020057,1166,10548,11714
020058,123,1113,1236
020059,125,1518,1643
020060,90,1006,1096
020061,586,6519,7105
020062,138,1328,1466
020063,274,2381,2655
020064,192,1780,1972
020065,2397,18635,21032
020066,2177,17370,19547
020068,207,1897,2104
020070,672,6515,7187
020071,1536,12879,14415
020072,534,4806,5340
020073,167,1748,1915
021001,203,1466,1669
021002,138,899,1037
021003,54,349,403
021004,1803,13014,14817
021005,101,700,801
021006,408,3125,3533
021007,254,1507,1761
021008,11749,96011,107760
021009,77,597,674
021010,274,2014,2288
021011,2952,19818,22770
021012,361,2413,2774
021013,2048,15002,17050
021014,40,355,395
021015,1009,7030,8039
021016,340,2344,2684
021017,703,4878,5581
021018,284,2037,2321
021019,841,6046,6887
021020,216,1344,1560
021021,373,2566,2939
021022,684,4513,5197
021023,435,3051,3486
021024,238,1960,2198
021025,74,574,648
021026,176,1192,1368
021027,299,2032,2331
021028,410,2928,3338
021029,661,4823,5484
021030,420,2520,2940
021031,477,3132,3609
021032,157,854,1011
021033,357,2221,2578
021034,386,2863,3249
021035,220,1600,1820
021036,115,783,898
021037,661,4594,5255
021038,616,4410,5026
021039,357,2399,2756
021040,2173,16031,18204
021041,1631,10807,12438
021042,566,3500,4066
021043,34,308,342
021044,211,1338,1549
021045,166,1109,1275
021046,694,4513,5207
021047,459,2664,3123
021048,330,2466,2796
021049,97,738,835
021050,240,1463,1703
021051,4686,36299,40985
021052,349,2573,2922
021053,227,1480,1707
021054,303,1750,2053
021055,268,1747,2015
021056,724,5235,5959
021057,511,2790,3301
021058,229,1788,2017
021059,498,3483,3981
021060,503,3385,3888
021061,550,4299,4849
021062,468,3378,3846
021063,251,1418,1669
021064,99,647,746
021065,22,174,196
021066,243,1692,1935
021067,499,3190,3689
021068,41,506,547
021069,33,221,254
021070,613,3927,4540
021071,352,2589,2941
021072,1031,6985,8016
021073,169,1242,1411
021074,466,2684,3150
021075,170,1106,1276
021076,561,3237,3798
021077,413,2997,3410
021079,388,2752,3140
021080,477,3079,3556
021081,476,3383,3859
021082,219,1572,1791
021083,450,2768,3218
021084,148,1389,1537
021085,253,1770,2023
021086,950,6220,7170
021087,363,2589,2952
021088,168,1260,1428
021089,276,2282,2558
021091,163,1078,1241
021092,180,1669,1849
021093,801,5404,6205
021094,227,1585,1812
021095,138,1015,1153
021096,238,1563,1801
021097,590,4000,4590
021098,458,2996,3454
021099,230,1771,2001
021100,123,893,1016
021101,274,2140,2414
021102,158,902,1060
021103,124,825,949
021104,417,2487,2904
021105,154,929,1083
021106,431,2712,3143
021107,440,2649,3089
021108,802,5171,5973
021109,355,1970,2325
021110,449,2866,3315
021111,688,4122,4810
021112,148,847,995
021113,201,1386,1587
021114,210,1673,1883
021115,848,6236,7084
021116,493,2502,2995
021117,206,1186,1392
021118,108,678,786
022001,991,7746,8737
022002,179,1332,1511
022003,338,2874,3212
022005,134,999,1133
022006,1993,15830,17823
022007,464,3606,4070
022009,560,4520,5080
022011,152,1323,1475
022013,381,2383,2764
022015,53,397,450
022017,162,1364,1526
022018,34,363,397
022021,62,580,642
022022,711,6282,6993
022025,467,3564,4031
022026,23,230,253
022029,63,621,684
022032,155,1232,1387
022033,133,970,1103
022034,490,3408,3898
022035,274,1744,2018
022036,56,664,720
022037,174,1333,1507
022038,143,1324,1467
022039,202,1682,1884
022040,49,535,584
022042,100,853,953
022043,71,449,520
022045,17,205,222
022047,245,2080,2325
022048,77,1105,1182
022049,114,961,1075
022050,432,3692,4124
022051,126,1002,1128
022052,63,483,546
022053,271,2738,3009
022054,17,216,233
022058,85,625,710
022059,31,321,352
022060,23,284,307
022061,481,3553,4034
022062,789,6348,7137
022064,98,917,1015
022068,58,628,686
022071,48,379,427
022074,114,1085,1199
022078,52,524,576
022079,699,4402,5101
022081,76,836,912
022083,118,944,1062
022085,56,427,483
022087,244,2917,3161
022089,151,1172,1323
022090,27,321,348
022091,35,361,396
022092,318,2244,2562
022093,89,657,746
022095,165,1928,2093
022097,131,1047,1178
022098,360,2397,2757
022102,95,1096,1191
022103,1105,7981,9086
022104,884,7202,8086
022106,73,722,795
022108,115,752,867
022109,34,231,265
022110,236,1999,2235
022112,11,136,147
022113,72,524,596
022114,77,802,879
022115,176,1440,1616
022116,677,4878,5555
022117,868,6480,7348
022118,228,2378,2606
022120,97,1016,1113
022123,1093,8937,10030
022124,274,2563,2837
022127,256,1837,2093
022128,141,1196,1337
022129,153,949,1102
022130,78,710,788
022131,70,769,839
022133,10,161,171
022134,77,760,837
022135,123,871,994
022136,169,1664,1833
022137,86,701,787
022138,43,346,389
022139,2537,19123,21660
022142,54,593,647
022143,275,2794,3069
022144,288,2144,2432
022147,396,4114,4510
022150,116,1222,1338
022153,1989,15913,17902
022155,130,1260,1390
022156,333,2543,2876
022157,57,420,477
022159,49,390,439
022160,171,1470,1641
022161,4380,35725,40105
022162,25,394,419
022163,86,725,811
022164,17,161,178
022165,49,506,555
022167,499,3459,3958
022168,122,987,1109
022169,106,796,902
022170,90,705,795
022171,152,1228,1380
022172,114,1302,1416
022173,42,325,367
022176,65,630,695
022177,60,730,790
022179,122,1126,1248
022180,144,1109,1253
022181,74,630,704
022182,137,1040,1177
022183,504,4052,4556
022184,62,542,604
022188,187,1728,1915
022189,59,535,594
022190,93,970,1063
022191,247,1761,2008
022193,40,664,704
022195,83,579,662
022196,329,2600,2929
022199,459,3202,3661
022200,139,1188,1327
022202,46,638,684
022203,179,1300,1479
022205,12579,107912,120491
022209,29,434,463
022210,121,1256,1377
022213,179,1637,1816
022216,31,152,183
022222,448,3360,3808
022224,302,2729,3031
022226,183,1591,1774
022228,347,2541,2888
022229,520,4777,5297
022230,847,5980,6827
022231,158,1419,1577
022232,97,1067,1164
022233,204,1867,2071
022234,149,1279,1428
022235,163,1458,1621
022236,596,4541,5137
022237,79,469,548
022238,209,1772,1981
022239,75,640,715
022240,306,2983,3289
022241,269,2014,2283
022242,133,1265,1398
022243,336,2576,2912
022244,206,1562,1768
022245,503,4741,5244
022246,338,2572,2910
022247,156,1240,1396
022248,575,4598,5173
022249,432,4322,4754
022250,432,3158,3590
022251,349,2711,3060
022252,293,2205,2498
022253,384,3221,3605
022254,286,2300,2586
023001,249,2111,2360
023002,533,4676,5209
023003,282,2100,2382
023004,756,5530,6286
023005,313,2267,2580
023006,667,6519,7186
023007,388,2831,3219
023008,193,1559,1752
023009,220,1741,1961
023010,123,1239,1362
023011,369,3169,3538
023012,1781,14226,16007
023013,121,1202,1323
023014,220,2247,2467
023015,2289,18309,20598
023016,782,6174,6956
023017,923,6885,7808
023018,844,7662,8506
023019,512,5001,5513
023020,330,3300,3630
023021,1294,10636,11930
023022,1514,11729,13243
023023,715,5286,6001
023024,151,1357,1508
023025,1709,14931,16640
023026,263,2297,2560
023027,929,7494,8423
023028,1042,7612,8654
023029,136,946,1082
023030,400,3449,3849
023031,275,2179,2454
023032,248,1652,1900
023033,71,692,763
023034,6,246,252
023035,394,3697,4091
023036,421,3711,4132
023037,531,4706,5237
023038,1142,9582,10724
023039,547,4583,5130
023040,1201,10262,11463
023041,386,2819,3205
023042,982,7579,8561
023043,628,6314,6942
023044,2407,22799,25206
023045,344,3272,3616
023046,306,2818,3124
023047,292,2272,2564
023048,450,4069,4519
023049,462,3791,4253
023050,1178,7753,8931
023051,1067,6862,7929
023052,1533,15136,16669
023053,888,7443,8331
023054,461,3332,3793
023055,1306,8864,10170
023056,119,1096,1215
023057,347,2771,3118
023058,1989,15272,17261
023059,1139,9717,10856
023060,776,6515,7291
023061,277,2225,2502
023062,215,1971,2186
023063,438,3315,3753
023064,622,5276,5898
023065,287,2277,2564
023066,200,1388,1588
023067,225,1860,2085
023068,425,3324,3749
023069,2467,18213,20680
023070,535,4354,4889
023071,2744,22300,25044
023072,451,3618,4069
023073,1977,13821,15798
023074,67,509,576
023075,346,2667,3013
023076,1161,11552,12713
023077,1358,10641,11999
023078,275,2267,2542
023079,129,1317,1446
023080,76,814,890
023081,794,6288,7082
023082,1537,13099,14636
023083,1891,15707,17598
023084,288,2650,2938
023085,233,1894,2127
023086,266,2739,3005
023087,570,4325,4895
023088,357,2364,2721
023089,1953,13664,15617
023090,80,687,767
023091,24376,233462,257838
023092,730,4357,5087
023093,265,2277,2542
023094,1287,8910,10197
023095,639,5120,5759
023096,3514,29877,33391
023097,1742,13333,15075
023098,562,4237,4799
024001,168,1230,1398
024002,184,1791,1975
024003,167,1413,1580
024004,1260,10550,11810
024005,246,1898,2144
024006,734,6974,7708
024007,275,2775,3050
024008,2651,22415,25066
024009,585,5786,6371
024010,97,768,865
024012,3999,38169,42168
024013,676,5708,6384
024014,867,7592,8459
024015,655,5887,6542
024016,347,2854,3201
024017,483,3515,3998
024018,1112,10168,11280
024019,275,2254,2529
024020,129,1173,1302
024021,1381,9784,11165
024022,158,1511,1669
024024,345,3190,3535
024025,353,3372,3725
024026,1706,13226,14932
024027,275,2578,2853
024028,652,5441,6093
024029,1359,11143,12502
024030,226,2280,2506
024032,259,2882,3141
024034,1207,10559,11766
024035,897,6762,7659
024036,1138,10122,11260
024037,133,1144,1277
024038,1397,12452,13849
024039,102,1459,1561
024040,352,3272,3624
024041,62,603,665
024042,178,2186,2364
024043,408,2955,3363
024044,93,745,838
024046,460,3789,4249
024047,425,3320,3745
024048,1118,9079,10197
024049,13,114,127
024050,9,175,184
024051,511,5037,5548
024052,1778,13847,15625
024053,308,3302,3610
024055,1635,13014,14649
024056,951,8470,9421
024057,1375,12753,14128
024060,701,5671,6372
024061,2326,20476,22802
024062,496,4437,4933
024063,298,2486,2784
024064,352,3027,3379
024065,193,1615,1808
024066,296,2577,2873
024067,820,7986,8806
024068,315,2727,3042
024070,804,6787,7591
024071,340,2736,3076
024072,182,1052,1234
024073,401,4497,4898
024074,886,8053,8939
024075,267,2760,3027
024076,54,651,705
024077,225,1944,2169
024078,840,7336,8176
024079,423,3854,4277
024080,33,527,560
024081,287,2806,3093
024082,266,2534,2800
024083,614,5194,5808
024084,477,5697,6174
024085,414,3824,4238
024086,1422,12792,14214
024087,1689,12877,14566
024088,954,7204,8158
024089,75,577,652
024090,102,923,1025
024091,836,7359,8195
024094,199,1366,1565
024095,511,5064,5575
024096,333,3285,3618
024097,564,4759,5323
024098,877,5775,6652
024099,258,2363,2621
024100,3814,34961,38775
024101,175,1631,1806
024102,425,3757,4182
024103,847,6624,7471
024104,1533,11193,12726
024105,2646,21056,23702
024106,44,468,512
024107,514,5327,5841
024108,1196,10482,11678
024110,919,7731,8650
024111,2306,23013,25319
024112,110,1111,1221
024113,256,2774,3030
024115,193,2045,2238
024116,10120,99170,109290
024117,186,1737,1923
024118,655,5446,6101
024119,695,5928,6623
024120,143,1197,1340
024121,82,712,794
024122,702,6131,6833
024123,317,2715,3032
024124,645,5638,6283
024125,427,4537,4964
024126,562,5424,5986
024127,370,4301,4671
025001,357,3714,4071
025002,267,2414,2681
025003,109,1042,1151
025004,156,2046,2202
025005,234,2931,3165
025006,3050,32455,35505
025007,71,772,843
025008,157,1758,1915
025010,90,1149,1239
025011,338,3544,3882
025012,94,1186,1280
025013,24,341,365
025014,24,333,357
025015,178,1908,2086
025016,396,5252,5648
025017,38,408,446
025018,173,2067,2240
025019,138,1693,1831
025021,1845,18492,20337
025022,267,2826,3093
025023,84,1005,1089
025025,25,520,545
025026,201,2514,2715
025027,80,995,1075
025029,577,4754,5331
025030,125,1168,1293
025032,54,506,560
025033,86,1199,1285
025035,18,246,264
025036,364,3986,4350
025037,35,332,367
025039,304,3418,3722
025040,729,7230,7959
025043,50,566,616
025044,88,1096,1184
025045,120,1477,1597
025046,33,344,377
025047,138,1442,1580
025048,609,6055,6664
025049,44,578,622
025050,193,2226,2419
025051,206,1753,1959
025053,1088,9129,10217
025054,38,451,489
025055,210,2206,2416
025056,276,2798,3074
025057,16,347,363
025058,97,1229,1326
025059,171,1557,1728
025060,87,1211,1298
025062,43,429,472
025063,143,1711,1854
025065,103,1265,1368
025066,73,752,825
025067,55,776,831
025069,6,187,193
025070,302,2777,3079
025071,364,4775,5139
025072,576,6151,6727
025073,190,2693,2883
025074,1226,12181,13407
026001,855,6101,6956
026002,528,3972,4500
026003,987,7990,8977
026004,645,5245,5890
026005,801,6889,7690
026006,865,6951,7816
026007,453,4236,4689
026008,1182,10102,11284
026009,1472,11440,12912
026010,1184,10090,11274
026011,287,2002,2289
026012,3227,30246,33473
026013,847,6279,7126
026014,288,2554,2842
026015,504,3325,3829
026016,394,3170,3564
026017,358,2981,3339
026018,246,2354,2600
026019,576,4702,5278
026020,502,4563,5065
026021,3109,31572,34681
026022,626,6257,6883
026023,681,5544,6225
026025,708,5361,6069
026026,952,7558,8510
026027,325,3258,3583
026028,583,5070,5653
026029,716,5237,5953
026030,248,2568,2816
026031,552,5331,5883
026032,588,4575,5163
026033,580,5367,5947
026034,411,3654,4065
026035,1055,8074,9129
026036,1152,8020,9172
026037,621,4262,4883
026038,1035,8540,9575
026039,584,4526,5110
026040,965,8232,9197
026041,325,2577,2902
026042,272,2845,3117
026043,2501,25074,27575
026044,529,3907,4436
026045,107,1208,1315
026046,3283,28095,31378
026047,541,3890,4431
026048,322,2453,2775
026049,1077,9618,10695
026050,581,5951,6532
026051,2075,18091,20166
026052,493,3924,4417
026053,373,3474,3847
026055,2409,19285,21694
026056,737,6552,7289
026057,1265,10538,11803
026058,938,7341,8279
026059,1476,11504,12980
026060,74,663,737
026061,224,1958,2182
026062,600,4485,5085
026063,1603,15410,17013
026064,1034,8868,9902
026065,153,1567,1720
026066,1138,8124,9262
026067,189,1907,2096
026068,1213,9655,10868
026069,1510,13156,14666
026070,724,5875,6599
026071,1297,11459,12756
026072,737,6150,6887
026073,424,4712,5136
026074,503,4367,4870
026075,1024,8001,9025
026076,991,8896,9887
026077,905,6355,7260
026078,240,2742,2982
026079,171,1670,1841
026080,687,5462,6149
026081,940,9134,10074
026082,1369,10804,12173
026083,1177,10488,11665
026084,370,3876,4246
026085,1236,9477,10713
026086,7812,77118,84930
026087,998,9163,10161
026088,691,6141,6832
026089,1909,14573,16482
026090,391,3260,3651
026091,1488,16050,17538
026092,2345,25009,27354
026093,1111,9049,10160
026094,163,1532,1695
026095,1431,10005,11436
026096,697,5819,6516
027001,397,3393,3790
027002,726,6445,7171
027003,1150,9567,10717
027004,1362,11796,13158
027005,933,10450,11383
027006,972,12167,13139
027007,637,5466,6103
027008,3951,44179,48130
027009,292,2869,3161
027010,221,2663,2884
027011,930,9322,10252
027012,1416,13630,15046
027013,1071,11073,12144
027014,972,7434,8406
027015,428,3738,4166
027016,537,5296,5833
027017,782,6241,7023
027018,263,2513,2776
027019,2289,23856,26145
027020,1940,15493,17433
027021,2062,19339,21401
027022,586,5671,6257
027023,3411,34563,37974
027024,2443,24842,27285
027025,1143,10153,11296
027026,1558,14595,16153
027027,774,6216,6990
027028,1332,10953,12285
027029,2117,22348,24465
027030,540,4133,4673
027031,817,7186,8003
027032,1221,11671,12892
027033,4103,38028,42131
027034,900,10850,11750
027035,1868,15736,17604
027036,1297,11508,12805
027037,1936,17066,19002
027038,2668,24778,27446
027039,690,6899,7589
027040,225,2025,2250
027041,512,4292,4804
027042,21927,233682,255609
027043,1014,8959,9973
027044,1193,12252,13445
028001,1770,18098,19868
028002,308,2902,3210
028003,3099,22832,25931
028004,319,3893,4212
028005,168,1655,1823
028006,193,1930,2123
028007,516,4308,4824
028008,286,3075,3361
028009,254,2849,3103
028010,41,577,618
028011,311,3519,3830
028012,196,2213,2409
028013,1024,7860,8884
028014,348,3128,3476
028015,748,6367,7115
028016,1558,14484,16042
028017,1736,13028,14764
028018,258,2330,2588
028019,1299,10520,11819
028020,594,5034,5628
028021,199,2058,2257
028022,121,1388,1509
028023,796,6652,7448
028026,434,4136,4570
028027,529,4175,4704
028028,439,4935,5374
028029,123,1321,1444
028030,562,5117,5679
028031,172,1789,1961
028032,2006,18012,20018
028033,659,5741,6400
028034,972,8986,9958
028035,411,4677,5088
028036,726,6411,7137
028037,1276,14731,16007
028038,867,7076,7943
028039,721,6359,7080
028040,370,3979,4349
028041,513,3754,4267
028042,530,3989,4519
028043,219,1757,1976
028044,1043,8186,9229
028045,771,7099,7870
028046,988,6615,7603
028047,245,2755,3000
028048,906,8295,9201
028049,187,1550,1737
028050,741,5326,6067
028052,150,1667,1817
028053,177,2354,2531
028054,1360,10061,11421
028055,1494,15869,17363
028056,791,8088,8879
028057,978,10445,11423
028058,1209,10293,11502
028059,510,5080,5590
028060,18470,189836,208306
028061,364,3411,3775
028062,94,1147,1241
028063,1105,9939,11044
028064,1077,8356,9433
028065,2028,17857,19885
028066,409,2977,3386
028067,232,2148,2380
028068,343,3343,3686
028069,1192,12271,13463
028070,292,3220,3512
028071,590,4289,4879
028072,1787,14806,16593
028073,492,4422,4914
028075,1181,8932,10113
028076,775,5594,6369
028077,1478,11616,13094
028078,410,3928,4338
028079,322,2726,3048
028080,785,6353,7138
028082,702,6555,7257
028083,301,2249,2550
028084,153,1778,1931
028085,1088,9359,10447
028086,2211,20750,22961
028087,603,6222,6825
028088,373,3720,4093
028089,795,8180,8975
028090,285,2415,2700
028091,877,7423,8300
028092,536,5630,6166
028093,1423,11460,12883
028094,394,3882,4276
028095,197,1873,2070
028096,587,4157,4744
028097,173,1582,1755
028098,90,818,908
028099,1202,11858,13060
028100,2372,20568,22940
028101,608,4860,5468
028102,162,1963,2125
028103,1174,9360,10534
028104,712,5473,6185
028105,307,2970,3277
028106,827,8116,8943
028107,714,6287,7001
029001,1511,17350,18861
029002,282,3865,4147
029003,215,2425,2640
029004,866,9129,9995
029005,105,1095,1200
029006,209,2254,2463
029007,135,1312,1447
029008,55,626,681
029009,198,2426,2624
029010,84,785,869
029011,154,1348,1502
029012,380,3592,3972
029013,267,2361,2628
029014,135,1436,1571
029015,274,3193,3467
029017,184,2031,2215
029018,210,2247,2457
029019,125,1622,1747
029021,122,2055,2177
029022,317,3568,3885
029023,102,1274,1376
029024,205,2322,2527
029025,82,908,990
029026,100,1369,1469
029027,175,1880,2055
029028,92,1012,1104
029029,1019,10465,11484
029030,231,3068,3299
029031,287,3078,3365
029032,126,1583,1709
029033,1165,10784,11949
029034,80,1333,1413
029035,110,1406,1516
029036,86,1014,1100
029037,288,3437,3725
029038,261,1936,2197
029039,704,8580,9284
029040,509,5748,6257
029041,4094,45750,49844
029042,88,996,1084
029043,96,964,1060
029044,323,3462,3785
029045,289,2883,3172
029046,673,7326,7999
029047,199,2384,2583
029048,376,4492,4868
029049,106,1032,1138
029050,161,1800,1961
029051,81,771,852
029052,1109,12830,13939
030001,167,2014,2181
030002,84,763,847
030003,61,881,942
030004,226,2973,3199
030005,151,1894,2045
030006,223,2582,2805
030007,123,1581,1704
030008,304,3176,3480
030009,559,4691,5250
030010,211,2159,2370
030011,158,1646,1804
030012,40,671,711
030013,519,5885,6404
030014,319,3571,3890
030015,140,1443,1583
030016,789,6972,7761
030018,218,2540,2758
030019,260,2614,2874
030020,329,3379,3708
030021,84,874,958
030022,53,599,652
030023,1253,12270,13523
030024,69,598,667
030025,30,584,614
030026,894,10097,10991
030027,1691,14378,16069
030028,221,1989,2210
030029,26,427,453
030030,269,2871,3140
030031,170,1921,2091
030032,188,2111,2299
030033,10,146,156
030034,1,99,100
030035,89,1211,1300
030036,224,2599,2823
030037,498,5570,6068
030039,89,1003,1092
030040,33,501,534
030041,53,855,908
030042,39,512,551
030043,943,9791,10734
030044,379,4243,4622
030045,12,295,307
030046,1201,12078,13279
030047,50,630,680
030048,292,3390,3682
030049,571,6194,6765
030051,25,576,601
030052,222,2085,2307
030053,519,5327,5846
030054,97,815,912
030055,502,5697,6199
030056,119,1618,1737
030057,708,6188,6896
030058,221,2325,2546
030059,119,1529,1648
030060,152,1482,1634
030061,33,463,496
030062,431,4371,4802
030063,232,2227,2459
030064,182,2215,2397
030065,214,2382,2596
030066,238,2591,2829
030067,100,1704,1804
030068,508,4628,5136
030069,208,2661,2869
030070,519,4793,5312
030071,158,1870,2028
030072,813,8489,9302
030073,187,2224,2411
030074,471,5060,5531
030075,177,2234,2411
030076,98,1249,1347
030077,182,2317,2499
030078,489,4924,5413
030079,676,6236,6912
030080,377,3188,3565
030081,76,798,874
030082,104,1333,1437
030083,339,3690,4029
030084,23,240,263
030085,47,686,733
030086,64,785,849
030087,213,2606,2819
030088,26,471,497
030089,27,421,448
030090,404,4415,4819
030091,661,5486,6147
030092,55,881,936
030093,23,252,275
030094,16,369,385
030095,179,2193,2372
030097,162,1819,1981
030098,241,2595,2836
030099,658,7331,7989
030100,669,6706,7375
030101,562,5468,6030
030102,72,978,1050
030103,166,1940,2106
030104,203,2109,2312
030105,85,1135,1220
030106,186,1517,1703
030107,38,356,394
030108,12,339,351
030109,370,3343,3713
030110,63,802,865
030111,13,303,316
030112,120,1120,1240
030113,23,528,551
030114,324,3571,3895
030116,786,8091,8877
030117,281,3832,4113
030118,1465,13353,14818
030120,269,2508,2777
030121,818,9233,10051
030122,158,1906,2064
030123,189,2497,2686
030124,181,1954,2135
030126,133,1557,1690
030127,711,6850,7561
030128,142,1458,1600
030129,8923,90813,99736
030130,196,2479,2675
030131,124,1817,1941
030132,56,784,840
030133,182,2006,2188
030135,93,721,814
030136,40,521,561
030137,121,1601,1722
030138,76,1069,1145
030188,522,5671,6193
030189,128,1189,1317
030190,589,5777,6366
030191,57,650,707
031001,143,1484,1627
031002,582,6518,7100
031003,92,1260,1352
031004,19,304,323
031005,125,1530,1655
031006,260,2686,2946
031007,2884,30595,33479
031008,539,5807,6346
031009,520,7451,7971
031010,110,1363,1473
031011,95,869,964
031012,3068,25025,28093
031013,59,636,695
031014,134,1395,1529
031015,316,3347,3663
031016,1038,10717,11755
031017,148,1992,2140
031018,542,5538,6080
031019,60,686,746
031020,121,1391,1512
031021,197,1797,1994
031022,137,1518,1655
031023,710,6568,7278
031024,215,2590,2805
031025,135,1493,1628
032001,588,7650,8238
032002,77,781,858
032003,1001,11898,12899
032004,502,5209,5711
032005,171,1820,1991
032006,16792,182981,199773
033001,176,1802,1978
033002,479,4161,4640
033003,85,858,943
033004,167,2463,2630
033005,224,3314,3538
033006,845,7158,8003
033007,614,5278,5892
033008,220,2192,2412
033010,498,4235,4733
033011,776,6769,7545
033012,385,4198,4583
033013,1479,12230,13709
033014,488,4763,5251
033015,4,115,119
033016,41,816,857
033017,22,532,554
033018,493,4106,4599
033019,37,1052,1089
033020,46,1104,1150
033021,1478,13301,14779
033022,156,1971,2127
033023,576,5109,5685
033024,521,3980,4501
033025,142,2028,2170
033026,313,3558,3871
033027,498,4620,5118
033028,42,885,927
033030,9,463,472
033032,10667,92627,103294
033033,179,1990,2169
033034,34,558,592
033035,924,8117,9041
033036,362,4255,4617
033037,715,5790,6505
033038,667,6324,6991
033039,1398,10774,12172
033040,533,5079,5612
033041,54,753,807
033042,332,2574,2906
033043,139,1989,2128
033044,134,1881,2015
033045,412,3797,4209
033046,128,1547,1675
033047,1,68,69
033048,187,2259,2446
033049,179,2773,2952
034001,168,1939,2107
034002,121,1956,2077
034003,233,2981,3214
034004,139,1876,2015
034005,18,665,683
034006,552,6231,6783
034007,725,6127,6852
034008,213,1847,2060
034009,1657,12934,14591
034010,1040,7997,9037
034011,93,986,1079
034012,120,1656,1776
034013,962,8209,9171
034014,3034,23859,26893
034015,739,6270,7009
034016,596,4947,5543
034017,618,5281,5899
034018,1227,9370,10597
034019,568,4480,5048
034020,1184,9645,10829
034022,34,807,841
034023,1172,9926,11098
034024,331,3161,3492
034025,1472,11604,13076
034026,65,1005,1070
034027,20492,179726,200218
034028,74,892,966
034030,276,2591,2867
034031,602,5129,5731
034032,1867,17650,19517
034033,674,5092,5766
034035,155,1569,1724
034036,499,4292,4791
034038,95,1079,1174
034039,211,1918,2129
034040,26,869,895
034041,888,6782,7670
034042,991,8610,9601
034044,20,491,511
034045,270,2357,2627
034046,84,1080,1164
034049,820,6903,7723
034050,275,2855,3130
034051,1290,11270,12560
035001,832,7941,8773
035002,1112,8525,9637
035003,293,2919,3212
035004,1093,9011,10104
035005,588,4628,5216
035006,680,5002,5682
035008,1260,9438,10698
035009,607,4964,5571
035010,671,4639,5310
035011,329,3579,3908
035012,2176,16748,18924
035013,394,4098,4492
035014,1691,13625,15316
035015,882,7524,8406
035016,1013,9371,10384
035017,1058,8748,9806
035018,367,3323,3690
035020,2895,22138,25033
035021,812,5829,6641
035022,588,5118,5706
035023,604,5682,6286
035024,1546,13236,14782
035026,827,7750,8577
035027,1134,9318,10452
035028,1427,11906,13333
035029,764,6264,7028
035030,1315,11844,13159
035032,1000,8051,9051
035033,18306,151497,169803
035034,643,5337,5980
035035,484,3533,4017
035036,1619,13225,14844
035037,909,7254,8163
035038,702,5509,6211
035039,1228,9872,11100
035040,2807,22958,25765
035041,394,3789,4183
035042,155,1653,1808
035043,439,3906,4345
035044,309,3012,3321
035045,267,3328,3595
035046,274,3763,4037
036001,457,3699,4156
036002,1174,8853,10027
036003,906,7669,8575
036004,377,2819,3196
036005,7452,65117,72569
036006,3703,29060,32763
036007,1693,13353,15046
036008,1264,9945,11209
036009,681,6322,7003
036010,746,7384,8130
036011,230,2740,2970
036012,1571,13491,15062
036013,1875,15106,16981
036014,97,1096,1193
036015,3767,30580,34347
036016,119,1702,1821
036017,372,3641,4013
036018,204,2457,2661
036019,1866,15493,17359
036020,653,4645,5298
036021,660,5657,6317
036022,2435,21644,24079
036023,19305,168672,187977
036024,81,830,911
036025,164,1948,2112
036026,269,2967,3236
036027,1716,14261,15977
036028,891,8989,9880
036029,138,1943,2081
036030,1900,16124,18024
036031,192,2080,2272
036032,127,1462,1589
036033,355,3381,3736
036034,694,5500,6194
036035,51,624,675
036036,715,5802,6517
036037,1143,9597,10740
036038,300,3125,3425
036039,688,5295,5983
036040,4119,36100,40219
036041,964,8302,9266
036042,794,7642,8436
036043,156,2285,2441
036044,1505,13863,15368
036045,1471,11266,12737
036046,3030,22489,25519
036047,440,4142,4582
037001,1314,11033,12347
037002,899,8825,9724
037003,757,6372,7129
037005,620,5113,5733
037006,36775,357688,394463
037007,332,2904,3236
037008,1897,16209,18106
037009,1318,12086,13404
037010,114,1717,1831
037011,3484,32472,35956
037012,324,3054,3378
037013,109,1759,1868
037014,93,1092,1185
037015,250,3099,3349
037016,528,3985,4513
037017,700,5876,6576
037019,1869,16660,18529
037020,1958,18810,20768
037021,1734,14067,15801
037022,407,5055,5462
037024,1520,12173,13693
037025,676,5919,6595
037026,196,1764,1960
037027,444,4345,4789
037028,585,4940,5525
037030,1358,11064,12422
037031,344,3543,3887
037032,7018,63374,70392
037033,164,2020,2184
037034,397,3960,4357
037035,916,8178,9094
037036,615,6151,6766
037037,1779,14725,16504
037038,894,8115,9009
037039,1651,14059,15710
037040,287,3435,3722
037041,563,5619,6182
037042,879,9857,10736
037044,568,5790,6358
037045,495,4154,4649
037046,1483,12561,14044
037047,1585,15918,17503
037048,737,6345,7082
037050,930,7548,8478
037051,332,3924,4256
037052,1008,8139,9147
037053,2893,25109,28002
037054,3069,29547,32616
037055,1421,11287,12708
037056,819,6597,7416
037057,1331,13460,14791
037059,760,6924,7684
037060,1941,17212,19153
037061,3472,28362,31834
037062,619,6314,6933
038001,1818,18962,20780
038003,1171,12808,13979
038004,3782,31514,35296
038005,768,10630,11398
038006,1506,20203,21709
038007,983,14767,15750
038008,10564,121724,132288
038010,176,2505,2681
038011,397,4322,4719
038012,200,2105,2305
038014,477,6136,6613
038017,358,5354,5712
038018,1019,8663,9682
038019,992,10438,11430
038022,737,6871,7608
038023,278,3355,3633
038025,302,3307,3609
038027,543,7903,8446
038028,979,8805,9784
038029,492,7142,7634
038030,541,6370,6911
039001,1012,10555,11567
039002,1499,15003,16502
039003,295,2123,2418
039004,624,6613,7237
039005,207,2297,2504
039006,1015,8504,9519
039007,2288,26233,28521
039008,1062,8581,9643
039009,757,6566,7323
039010,6029,52306,58335
039011,795,7322,8117
039012,2943,28785,31728
039013,1188,9190,10378
039014,14293,143129,157422
039015,564,5070,5634
039016,1207,10869,12076
039017,323,2582,2905
039018,444,4036,4480
040001,467,5203,5670
040003,1181,9810,10991
040004,322,2564,2886
040005,591,5668,6259
040007,9030,88224,97254
040008,2466,23618,26084
040009,396,3271,3667
040011,138,1441,1579
040012,11478,106001,117479
040013,1394,11762,13156
040014,267,2111,2378
040015,1145,9529,10674
040016,1124,8246,9370
040018,832,6373,7205
040019,1050,8853,9903
040020,729,6131,6860
040022,374,3986,4360
040028,147,1574,1721
040031,66,679,745
040032,563,5572,6135
040033,33,684,717
040036,117,1646,1763
040037,341,3049,3390
040041,1355,10723,12078
040043,395,3670,4065
040044,264,3065,3329
040045,1945,15858,17803
040046,345,2780,3125
040049,83,1062,1145
040050,152,1613,1765
041001,438,3856,4294
041002,130,1626,1756
041005,92,647,739
041006,40,498,538
041007,678,7514,8192
041008,127,1919,2046
041009,159,1453,1612
041010,857,7051,7908
041013,5706,54399,60105
041014,908,7424,8332
041015,839,8350,9189
041016,64,818,882
041017,38,250,288
041018,89,1146,1235
041019,494,5157,5651
041020,582,4340,4922
041021,41,512,553
041022,164,1283,1447
041023,189,1757,1946
041025,114,1200,1314
041026,92,904,996
041027,175,1881,2056
041028,315,3394,3709
041029,1437,12886,14323
041030,331,2407,2738
041031,49,589,638
041033,95,971,1066
041034,226,2273,2499
041035,85,988,1073
041036,834,6153,6987
041038,286,2498,2784
041041,57,602,659
041043,467,5478,5945
041044,8594,87644,96238
041045,330,2436,2766
041047,266,1815,2081
041048,43,559,602
041049,162,1671,1833
041051,478,4117,4595
041054,277,2934,3211
041057,396,3553,3949
041058,156,1322,1478
041060,137,1212,1349
041061,53,891,944
041064,77,774,851
041065,922,7031,7953
041066,734,6201,6935
041067,1136,12667,13803
041068,1761,13115,14876
041069,1483,10683,12166
041070,456,4743,5199
041071,527,4361,4888
042001,455,4315,4770
042002,8978,90130,99108
042003,295,4050,4345
042004,106,1189,1295
042005,222,1934,2156
042006,732,6527,7259
042007,286,2231,2517
042008,589,4379,4968
042010,1958,16359,18317
042011,123,1450,1573
042012,377,3081,3458
042013,295,3195,3490
042014,1376,13181,14557
042015,451,4415,4866
042016,392,4066,4458
042017,2770,27112,29882
042018,2182,23553,25735
042019,899,8198,9097
042020,122,1567,1689
042021,3730,35572,39302
042022,1264,11645,12909
042023,596,5604,6200
042024,76,907,983
042025,340,2978,3318
042026,171,1695,1866
042027,892,8890,9782
042029,378,2692,3070
042030,662,6161,6823
042031,168,1663,1831
042032,263,3506,3769
042033,227,1834,2061
042034,3888,30833,34721
042035,686,5791,6477
042036,261,2897,3158
042037,65,579,644
042038,547,4063,4610
042040,193,1692,1885
042041,192,1795,1987
042042,81,834,915
042043,388,3714,4102
042044,600,6327,6927
042045,3898,40285,44183
042046,411,3258,3669
042047,232,2396,2628
042048,409,3655,4064
042049,189,1939,2128
042050,822,6649,7471
043002,197,1902,2099
043003,387,3678,4065
043004,200,1602,1802
043005,17,137,154
043006,162,1519,1681
043007,474,5905,6379
043008,42,470,512
043009,370,4024,4394
043010,4,238,242
043011,39,401,440
043012,900,8889,9789
043013,4107,37882,41989
043014,127,1081,1208
043015,1622,13398,15020
043016,170,1755,1925
043017,38,606,644
043019,87,1196,1283
043020,50,479,529
043021,62,665,727
043022,166,2074,2240
043023,3882,36880,40762
043024,861,8540,9401
043025,423,4020,4443
043026,682,6291,6973
043027,4,101,105
043028,959,6407,7366
043029,334,3021,3355
043030,344,3077,3421
043031,832,6648,7480
043032,57,637,694
043033,1076,8841,9917
043034,83,765,848
043035,67,914,981
043036,195,1674,1869
043038,110,1207,1317
043039,76,925,1001
043040,10,216,226
043041,648,5793,6441
043042,1246,10321,11567
043043,1508,14260,15768
043044,2063,18912,20975
043045,75,747,822
043046,234,2964,3198
043047,1107,11012,12119
043048,103,1203,1306
043049,274,2813,3087
043050,36,381,417
043051,77,831,908
043052,80,971,1051
043053,1700,16836,18536
043054,840,8359,9199
043055,182,2281,2463
043056,21,362,383
043057,65,933,998
043058,77,825,902
044001,181,2413,2594
044002,333,3362,3695
044005,145,1563,1708
044006,55,999,1054
044007,3657,43103,46760
044010,68,917,985
044011,986,7477,8463
044012,224,2428,2652
044013,202,2060,2262
044014,422,3264,3686
044015,300,2683,2983
044016,35,843,878
044017,504,4876,5380
044020,908,8096,9004
044021,78,1118,1196
044023,1576,14408,15984
044027,201,2124,2325
044029,152,1498,1650
044031,450,4049,4499
044032,133,1828,1961
044034,24,454,478
044036,143,1868,2011
044038,23,439,462
044044,40,514,554
044045,1505,11306,12811
044054,335,4454,4789
044056,4,160,164
044063,352,3737,4089
044064,183,1770,1953
044065,52,784,836
044066,4077,43408,47485
044071,731,6545,7276
044073,164,1784,1948
045001,984,9637,10621
045002,100,1679,1779
045003,4936,55749,60685
045004,55,924,979
045005,39,630,669
045006,166,2065,2231
045007,458,6952,7410
045008,365,4292,4657
045009,445,4374,4819
045010,5661,61225,66886
045011,864,9272,10136
045012,159,2123,2282
045013,189,1909,2098
045014,503,6525,7028
045015,152,1786,1938
045016,375,4253,4628
045017,43,952,995
046001,1806,13723,15529
046002,422,5329,5751
046003,849,8720,9569
046004,562,6315,6877
046005,2597,28924,31521
046006,148,1925,2073
046007,4561,40635,45196
046008,35,486,521
046009,520,5236,5756
046010,146,1587,1733
046011,445,4766,5211
046013,485,6559,7044
046014,43,518,561
046015,310,3305,3615
046017,8043,80779,88822
046018,1930,19581,21511
046019,105,1781,1886
046020,67,971,1038
046021,421,3972,4393
046022,229,3176,3405
046023,130,2084,2214
046024,1767,21125,22892
046025,182,2173,2355
046026,1009,7762,8771
046027,118,1256,1374
046028,1008,11650,12658
046030,203,2664,2867
046031,37,837,874
046033,5153,54991,60144
046034,145,1370,1515
046035,93,1173,1266
046036,38,685,723
046037,59,952,1011
047002,1962,16095,18057
047003,751,8058,8809
047005,690,6674,7364
047006,574,5748,6322
047007,254,2862,3116
047008,689,7069,7758
047009,2062,19096,21158
047010,1017,9831,10848
047011,1813,18107,19920
047012,1812,17496,19308
047013,757,8390,9147
047014,8277,82202,90479
047016,861,7971,8832
047017,2921,23727,26648
047018,98,1388,1486
047020,1142,10521,11663
047021,578,5040,5618
047022,450,4051,4501
047023,132,1865,1997
047024,476,7312,7788
048001,2236,23226,25462
048002,1097,9682,10779
048004,1792,16187,17979
048005,1915,16179,18094
048006,5162,41108,46270
048008,879,6975,7854
048010,1725,15554,17279
048011,1001,9743,10744
048012,1400,14290,15690
048013,509,4951,5460
048014,4518,43850,48368
048015,1271,12647,13918
048017,32413,327342,359755
048018,395,4111,4506
048019,2257,20585,22842
048020,439,4389,4828
048021,1164,12306,13470
048022,1280,13256,14536
048024,1959,17482,19441
048025,149,1692,1841
048026,237,2747,2984
048027,306,3223,3529
048028,1533,12830,14363
048030,1209,11991,13200
048031,80,1041,1121
048032,703,7001,7704
048033,1937,18499,20436
048035,1620,14973,16593
048036,881,7802,8683
048037,590,6586,7176
048038,1532,15217,16749
048039,87,996,1083
048041,4658,45934,50592
048043,4683,44105,48788
048044,2014,16512,18526
048046,461,4757,5218
048049,749,7245,7994
048050,1332,13193,14525
048052,2212,21285,23497
048053,1200,10903,12103
048054,1146,10875,12021
049001,300,2888,3188
049002,1014,11679,12693
049003,429,4207,4636
049004,356,3668,4024
049005,22,366,388
049006,812,7917,8729
049007,2565,25285,27850
049008,1623,14762,16385
049009,14130,141901,156031
049010,126,1959,2085
049011,131,1778,1909
049012,2462,30176,32638
049013,296,3318,3614
049014,1061,10854,11915
049017,2477,27607,30084
049018,543,6010,6553
049019,41,436,477
049020,252,2782,3034
049021,257,3100,3357
050001,1043,7468,8511
050002,505,5068,5573
050003,607,5752,6359
050004,1461,11162,12623
050005,722,5656,6378
050006,101,967,1068
050008,4739,39826,44565
050009,1379,11834,13213
050010,169,1701,1870
050011,206,1919,2125
050012,84,1253,1337
050014,312,3343,3655
050015,92,1083,1175
050016,91,1183,1274
050019,158,1538,1696
050020,241,1867,2108
050021,63,677,740
050022,1176,9846,11022
050023,45,584,629
050024,425,4124,4549
050025,421,4228,4649
050026,7550,81605,89155
050027,450,5063,5513
050028,1769,13748,15517
050029,3069,26174,29243
050030,146,1439,1585
050031,2715,28056,30771
050032,2756,24925,27681
050033,1815,12650,14465
050034,108,1519,1627
050035,1499,11744,13243
050036,427,4034,4461
050037,1093,10823,11916
050038,894,7686,8580
050039,711,9113,9824
050040,1119,11211,12330
050041,532,4863,5395
051001,479,5020,5499
051002,8941,88901,97842
051003,66,943,1009
051004,1069,10692,11761
051005,922,8884,9806
051006,498,4782,5280
051007,104,1271,1375
051008,222,2770,2992
051010,205,2372,2577
051011,193,1887,2080
051012,1261,11790,13051
051013,885,8578,9463
051014,57,821,878
051015,144,1767,1911
051016,820,7990,8810
051017,1839,19556,21395
051018,995,8261,9256
051020,551,5306,5857
051021,307,3160,3467
051022,347,3060,3407
051023,28,494,522
051024,136,1565,1701
051025,825,7843,8668
051026,2452,21381,23833
051027,85,762,847
051030,250,2784,3034
051031,563,5427,5990
051033,1538,15195,16733
051034,1350,13968,15318
051035,93,1137,1230
051037,583,5745,6328
051038,66,915,981
051039,1152,10968,12120
051040,1028,8819,9847
051041,402,5107,5509
051042,617,5876,6493
052001,482,5675,6157
052002,655,6182,6837
052003,304,2789,3093
052004,366,3385,3751
052005,269,2446,2715
052006,862,7929,8791
052007,150,2008,2158
052008,194,2339,2533
052009,523,6320,6843
052010,192,1610,1802
052011,685,7463,8148
052012,2270,19392,21662
052013,279,2336,2615
052015,1155,12410,13565
052016,1115,8863,9978
052017,1128,7860,8988
052018,134,1382,1516
052019,259,2163,2422
052020,362,3675,4037
052021,162,1867,2029
052022,2761,25920,28681
052023,117,1372,1489
052024,91,999,1090
052025,66,850,916
052026,516,4664,5180
052027,113,1458,1571
052028,677,6817,7494
052030,245,2399,2644
052031,428,4105,4533
052032,4654,49541,54195
052033,1200,11115,12315
052034,1002,8809,9811
052035,688,6374,7062
052036,88,1113,1201
052037,544,5160,5704
053001,355,3940,4295
053002,189,2140,2329
053003,314,3573,3887
053004,469,4339,4808
053005,84,1287,1371
053006,444,6667,7111
053007,197,2223,2420
053008,264,2766,3030
053009,1605,19518,21123
053010,725,7566,8291
053011,7403,74218,81621
053012,92,1259,1351
053013,242,3151,3393
053014,597,6629,7226
053015,691,7528,8219
053016,930,10919,11849
053017,102,1053,1155
053018,1135,13396,14531
053019,256,3442,3698
053020,58,887,945
053021,719,8115,8834
053022,161,2323,2484
053023,353,3962,4315
053024,341,3486,3827
053025,90,905,995
053026,183,2982,3165
053027,116,1159,1275
053028,65,925,990
054001,2691,25368,28059
054002,2271,19007,21278
054003,458,3793,4251
054004,427,4402,4829
054005,216,2148,2364
054006,434,3783,4217
054007,222,2793,3015
054008,281,2816,3097
054009,1444,13268,14712
054010,69,949,1018
054011,350,3027,3377
054012,683,6938,7621
054013,3664,34745,38409
054014,376,3021,3397
054015,2487,18723,21210
054016,64,1070,1134
054017,953,8377,9330
054018,5447,49809,55256
054019,285,2345,2630
054020,151,1638,1789
054021,387,3369,3756
054022,467,5274,5741
054023,1238,13186,14424
054024,2760,28578,31338
054025,50,536,586
054026,1464,13215,14679
054027,1819,16212,18031
054028,348,3297,3645
054029,128,1363,1491
054030,482,5000,5482
054031,34,544,578
054032,90,1025,1115
054033,137,1480,1617
054034,453,5138,5591
054035,426,4226,4652
054036,78,872,950
054037,469,4991,5460
054038,519,5004,5523
054039,15827,148230,164057
054040,292,3147,3439
054041,141,1841,1982
054042,3,91,94
054043,56,642,698
054044,1013,9855,10868
054045,33,489,522
054046,113,1227,1340
054047,35,428,463
054048,57,965,1022
054049,180,2148,2328
054050,757,7634,8391
054051,3135,34196,37331
054052,1315,14114,15429
054053,682,5828,6510
054054,832,7323,8155
054055,309,3453,3762
054056,1750,14605,16355
054057,298,2963,3261
054058,25,325,350
054059,111,1191,1302
055001,402,4095,4497
055002,152,1549,1701
055003,104,1310,1414
055004,1018,10446,11464
055005,207,2406,2613
055006,187,1797,1984
055007,238,2424,2662
055008,108,1599,1707
055009,150,1926,2076
055010,211,2546,2757
055011,219,2433,2652
055012,183,1638,1821
055013,133,1454,1587
055014,147,1730,1877
055015,148,1625,1773
055016,108,1324,1432
055017,468,4347,4815
055018,98,1499,1597
055019,121,1154,1275
055020,85,1055,1140
055021,95,1291,1386
055022,1416,17107,18523
055023,1656,18465,20121
055024,154,1592,1746
055025,29,465,494
055026,76,973,1049
055027,16,199,215
055028,171,1746,1917
055029,440,4410,4850
055030,130,2062,2192
055031,451,4246,4697
055032,9371,99884,109255
055033,214,2199,2413
056001,425,4911,5336
056002,71,736,807
056003,241,3238,3479
056004,64,913,977
056005,376,4133,4509
056006,102,1150,1252
056007,252,2782,3034
056008,250,3542,3792
056009,170,1519,1689
056010,83,797,880
056011,257,2705,2962
056012,468,4677,5145
056013,109,1535,1644
056014,642,5763,6405
056015,500,4736,5236
056016,187,1739,1926
056017,235,2222,2457
056018,233,2045,2278
056019,123,1181,1304
056020,64,1011,1075
056021,1333,14110,15443
056022,125,1384,1509
056023,348,3211,3559
056024,797,7247,8044
056025,164,1822,1986
056026,91,1301,1392
056027,220,2445,2665
056028,77,1204,1281
056029,182,1979,2161
056030,148,2302,2450
056031,172,2011,2183
056032,27,745,772
056033,77,805,882
056034,267,3032,3299
056035,826,7962,8788
056036,1124,11861,12985
056037,214,1706,1920
056038,558,4095,4653
056039,845,8045,8890
056040,78,865,943
056041,319,3322,3641
056042,965,8206,9171
056043,120,1808,1928
056044,23,479,502
056045,702,7611,8313
056046,90,1117,1207
056047,135,1850,1985
056048,676,7293,7969
056049,569,5932,6501
056050,1449,14602,16051
056051,18,270,288
056052,719,7461,8180
056053,202,2500,2702
056054,213,2237,2450
056055,384,3536,3920
056056,194,1961,2155
056057,1294,12064,13358
056058,404,3946,4350
056059,6153,58897,65050
056060,630,4591,5221
057001,30,519,549
057002,172,2124,2296
057003,178,2198,2376
057004,16,194,210
057005,56,582,638
057006,40,559,599
057007,378,3914,4292
057008,60,868,928
057009,220,2271,2491
057010,125,1523,1648
057011,38,641,679
057012,103,1091,1194
057013,13,247,260
057014,81,939,1020
057015,94,1126,1220
057016,569,5960,6529
057017,21,391,412
057018,13,375,388
057019,26,328,354
057020,2,130,132
057021,99,1429,1528
057022,30,434,464
057023,20,259,279
057024,40,535,575
057025,391,3439,3830
057026,53,477,530
057027,1411,12157,13568
057028,64,1176,1240
057029,263,2802,3065
057030,73,644,717
057031,132,1349,1481
057032,36,341,377
057033,123,2051,2174
057034,36,522,558
057035,302,3225,3527
057036,2,74,76
057037,5,105,110
057038,33,458,491
057039,32,345,377
057040,60,802,862
057041,97,1088,1185
057042,15,263,278
057043,43,601,644
057044,395,3755,4150
057045,26,318,344
057046,7,179,186
057047,21,362,383
057048,2,147,149
057049,135,1791,1926
057050,64,983,1047
057051,156,1743,1899
057052,126,1116,1242
057053,578,5603,6181
057054,220,2569,2789
057055,211,2298,2509
057056,42,468,510
057057,32,552,584
057058,10,303,313
057059,3966,42227,46193
057060,83,1073,1156
057061,49,495,544
057062,49,729,778
057063,51,456,507
057064,296,2803,3099
057065,100,976,1076
057066,230,2092,2322
057067,106,1292,1398
057068,98,940,1038
057069,96,1265,1361
057070,91,1129,1220
057071,12,202,214
057072,7,216,223
057073,10,166,176
058001,134,1324,1458
058002,173,1524,1697
058003,4039,35310,39349
058004,362,3461,3823
058005,2032,17069,19101
058006,74,744,818
058007,5566,46807,52373
058008,78,1196,1274
058009,1707,16475,18182
058010,105,1299,1404
058011,1559,12111,13670
058012,228,2516,2744
058013,1885,16902,18787
058014,17,386,403
058015,1197,9989,11186
058016,416,3852,4268
058017,13,342,355
058018,1372,9320,10692
058019,18,292,310
058020,362,3778,4140
058021,45,604,649
058022,877,7717,8594
058023,759,6388,7147
058024,787,7579,8366
058025,70,757,827
058026,1179,9494,10673
058027,114,960,1074
058028,30,402,432
058029,3745,33737,37482
058030,97,1161,1258
058031,28,559,587
058032,5085,46463,51548
058033,200,1741,1941
058034,1889,18839,20728
058035,457,3746,4203
058036,2017,13539,15556
058037,33,389,422
058038,1505,11598,13103
058039,2333,19953,22286
058040,708,5563,6271
058041,166,1732,1898
058042,544,5144,5688
058043,2225,20690,22915
058044,96,1083,1179
058045,71,615,686
058046,1945,18172,20117
058047,9918,76814,86732
058048,18,332,350
058049,776,5625,6401
058050,1421,11731,13152
058051,95,784,879
058052,137,1294,1431
058053,76,824,900
058054,746,6938,7684
058055,83,700,783
058056,818,6154,6972
058057,5284,39621,44905
058058,295,2669,2964
058059,2659,20582,23241
058060,1322,10424,11746
058061,93,1122,1215
058062,210,1841,2051
058063,517,4671,5188
058064,843,7685,8528
058065,4738,36206,40944
058066,196,1784,1980
058067,235,2213,2448
058068,815,7465,8280
058069,122,1228,1350
058070,180,1674,1854
058071,178,1733,1911
058072,4542,43034,47576
058073,561,5934,6495
058074,2392,19646,22038
058075,1346,11332,12678
058076,11,204,215
058077,61,665,726
058078,261,2023,2284
058079,7017,54281,61298
058080,103,1008,1111
058081,1281,9172,10453
058082,1071,8960,10031
058083,58,663,721
058084,9,165,174
058085,32,321,353
058086,1867,15271,17138
058087,20,230,250
058088,1188,10670,11858
058089,67,875,942
058090,47,611,658
058091,276373,2507436,2783809
058092,88,1184,1272
058093,685,6737,7422
058094,73,765,838
058095,136,1318,1454
058096,283,2508,2791
058097,1568,16562,18130
058098,499,4315,4814
058099,338,3225,3563
058100,277,2868,3145
058101,17,157,174
058102,823,8335,9158
058103,720,7882,8602
058104,5592,48454,54046
058105,465,4479,4944
058106,93,952,1045
058107,474,5182,5656
058108,5,244,249
058109,12,278,290
058110,1779,13439,15218
058111,5482,47461,52943
058112,379,3317,3696
058113,5,150,155
058114,2069,15991,18060
058115,1524,11760,13284
058116,3947,35684,39631
058117,5071,43294,48365
058118,3905,34402,38307
058119,1987,14046,16033
058120,9033,67213,76246
058122,3904,27792,31696
059001,8401,64895,73296
059002,110,1346,1456
059003,38,527,565
059004,396,3839,4235
059005,3999,31507,35506
059006,964,9554,10518
059007,4344,34770,39114
059008,3603,33616,37219
059009,1601,18250,19851
059010,1018,9309,10327
059011,13220,113392,126612
059012,367,3727,4094
059013,313,2702,3015
059014,1945,17496,19441
059015,652,5498,6150
059016,345,3377,3722
059017,1748,13244,14992
059018,307,3004,3311
059019,1437,12271,13708
059020,116,1054,1170
059021,411,3824,4235
059022,88,999,1087
059023,88,994,1082
059024,1958,17287,19245
059025,878,8847,9725
059026,718,6095,6813
059027,1330,8675,10005
059028,2415,20922,23337
059029,859,6641,7500
059030,262,2855,3117
059031,300,2597,2897
059032,4014,39064,43078
059033,53,663,716
060001,20,247,267
060002,178,1704,1882
060003,2892,24603,27495
060004,179,2354,2533
060005,428,3787,4215
060006,2148,18840,20988
060007,455,4503,4958
060008,494,4964,5458
060009,198,2054,2252
060010,571,6309,6880
060011,383,3764,4147
060012,243,2186,2429
060013,47,639,686
060014,844,7571,8415
060015,228,2474,2702
060016,145,1478,1623
060017,44,466,510
060018,209,2264,2473
060019,3544,32497,36041
060020,328,2931,3259
060021,90,779,869
060022,410,3452,3862
060023,385,4154,4539
060024,2257,20053,22310
060025,764,7590,8354
060026,800,7034,7834
060027,175,1651,1826
060028,89,804,893
060029,52,590,642
060030,156,1395,1551
060031,346,3443,3789
060032,51,490,541
060033,1863,17990,19853
060034,31,470,501
060035,837,9336,10173
060036,255,2528,2783
060037,127,1143,1270
060038,4146,40339,44485
060039,160,1861,2021
060040,100,1117,1217
060041,255,2128,2383
060042,136,1388,1524
060043,898,10114,11012
060044,1285,11022,12307
060045,327,2854,3181
060046,822,7145,7967
060047,91,1234,1325
060048,318,2777,3095
060049,128,1329,1457
060050,89,1021,1110
060051,245,2471,2716
060052,813,5447,6260
060053,370,4023,4393
060054,280,2151,2431
060055,341,3625,3966
060056,1235,11261,12496
060057,86,998,1084
060058,484,4539,5023
060059,73,847,920
060060,618,6466,7084
060061,21,278,299
060062,153,1745,1898
060063,325,2691,3016
060064,259,2918,3177
060065,70,823,893
060066,108,1209,1317
060067,181,1660,1841
060068,542,5196,5738
060069,87,1157,1244
060070,247,2209,2456
060071,298,2702,3000
060072,52,646,698
060073,227,2192,2419
060074,2381,23014,25395
060075,226,2102,2328
060076,478,4290,4768
060077,11,295,306
060078,115,1199,1314
060079,513,4227,4740
060080,98,1684,1782
060081,160,1459,1619
060082,205,2290,2495
060083,77,827,904
060084,85,1330,1415
060085,2002,17624,19626
060086,64,671,735
060087,214,1896,2110
060088,111,1045,1156
060089,252,2295,2547
060090,142,1527,1669
060091,17,285,302
061001,92,1191,1283
061002,755,6661,7416
061003,489,4171,4660
061004,622,4709,5331
061005,5464,45764,51228
061006,184,1874,2058
061007,766,5301,6067
061008,179,1593,1772
061009,536,4741,5277
061010,527,5056,5583
061011,220,1769,1989
061012,659,4976,5635
061013,1357,8747,10104
061014,151,1338,1489
061015,1635,16203,17838
061016,923,6203,7126
061017,544,6697,7241
061018,1195,12090,13285
061019,2545,18926,21471
061020,1190,8378,9568
061021,979,7410,8389
061022,6593,66805,73398
061023,121,1370,1491
061024,99,996,1095
061025,110,1323,1433
061026,310,3368,3678
061027,3520,23452,26972
061028,518,4336,4854
061029,1265,8141,9406
061030,15,361,376
061031,104,1078,1182
061032,682,6137,6819
061033,196,1831,2027
061034,80,685,765
061035,140,1243,1383
061036,452,4178,4630
061037,1224,7966,9190
061038,22,504,526
061039,163,1865,2028
061040,64,597,661
061041,300,3109,3409
061042,780,6038,6818
061043,1922,10760,12682
061044,41,598,639
061045,91,988,1079
061046,1994,13913,15907
061047,1150,8969,10119
061048,4312,33416,37728
061049,4382,34396,38778
061050,132,1951,2083
061051,263,2741,3004
061052,3357,26087,29444
061053,4590,22958,27548
061054,1564,10523,12087
061055,318,2669,2987
061056,166,2038,2204
061057,916,9566,10482
061058,447,4094,4541
061059,273,2551,2824
061060,546,5195,5741
061061,141,1456,1597
061062,1005,6822,7827
061063,111,1292,1403
061064,83,1387,1470
061065,186,1545,1731
061066,99,1146,1245
061067,874,6882,7756
061068,212,2045,2257
061069,289,2765,3054
061070,265,3027,3292
061071,72,756,828
061072,44,403,447
061073,177,1548,1725
061074,1473,12057,13530
061075,2076,14945,17021
061076,58,833,891
061077,2038,12509,14547
061078,2302,19963,22265
061079,64,808,872
061080,182,1780,1962
061081,1446,10687,12133
061082,1703,12487,14190
061083,3300,28883,32183
061084,266,2331,2597
061085,798,4837,5635
061086,189,1940,2129
061087,1947,12910,14857
061088,1715,18973,20688
061089,760,6510,7270
061090,1096,7575,8671
061091,1008,10683,11691
061092,1959,12545,14504
061093,64,749,813
061094,2718,17072,19790
061095,621,5882,6503
061096,36,741,777
061097,277,2388,2665
061098,949,6266,7215
061099,1509,10656,12165
061100,1001,6617,7618
061101,333,3092,3425
061102,826,7263,8089
061103,719,6154,6873
061104,793,5784,6577
062001,881,7234,8115
062002,229,2461,2690
062003,569,4881,5450
062004,231,2245,2476
062005,243,1768,2011
062006,53,678,731
062007,157,2018,2175
062008,5188,52590,57778
062009,154,1233,1387
062010,252,1796,2048
062011,115,1479,1594
062012,265,2272,2537
062013,70,907,977
062014,163,1449,1612
062015,109,1151,1260
062016,74,768,842
062017,99,1262,1361
062018,94,1067,1161
062019,232,2363,2595
062020,51,1021,1072
062021,197,1777,1974
062022,280,2948,3228
062023,317,3382,3699
062024,166,2063,2229
062025,188,2020,2208
062026,371,3536,3907
062027,245,2390,2635
062028,210,1927,2137
062029,299,3144,3443
062030,319,2908,3227
062031,113,1268,1381
062032,156,1050,1206
062033,77,924,1001
062034,145,1561,1706
062035,193,1939,2132
062036,24,399,423
062037,340,4315,4655
062038,424,3688,4112
062039,155,1598,1753
062040,433,3604,4037
062041,124,1356,1480
062042,84,1290,1374
062043,1410,11733,13143
062044,371,4311,4682
062045,348,3408,3756
062046,199,2144,2343
062047,187,1868,2055
062048,242,1778,2020
062049,149,1462,1611
062050,166,1713,1879
062051,35,468,503
062052,274,2674,2948
062053,232,2234,2466
062054,134,1921,2055
062055,117,1216,1333
062056,83,1044,1127
062057,342,4129,4471
062058,1091,8800,9891
062059,290,2608,2898
062060,233,2729,2962
062061,176,1998,2174
062062,176,1786,1962
062063,39,686,725
062064,223,2902,3125
062065,97,1064,1161
062066,90,775,865
062067,333,3294,3627
062068,365,3512,3877
062069,67,800,867
062070,1010,9653,10663
062071,364,3834,4198
062072,52,580,632
062073,305,3282,3587
062074,853,6888,7741
062075,117,1325,1442
062076,343,2982,3325
062077,270,2538,2808
062078,24,468,492
063001,8059,50902,58961
063002,8014,54257,62271
063003,971,6739,7710
063004,679,6265,6944
063005,3955,29572,33527
063006,2510,23184,25694
063007,1080,8901,9981
063008,3259,23833,27092
063009,1121,8874,9995
063010,2037,14071,16108
063011,4720,32061,36781
063012,1474,10781,12255
063013,518,4645,5163
063014,534,6442,6976
063015,310,2177,2487
063016,2730,19070,21800
063017,5683,41578,47261
063018,272,2898,3170
063019,770,7133,7903
063020,1792,11723,13515
063021,2134,16294,18428
063022,509,3258,3767
063023,8724,65692,74416
063024,6893,56931,63824
063025,1103,6779,7882
063026,1919,15002,16921
063027,1218,11299,12517
063028,816,6230,7046
063029,178,1537,1715
063030,1370,10588,11958
063031,1905,15620,17525
063032,2892,25673,28565
063033,1738,14049,15787
063034,15778,103128,118906
063035,3326,25128,28454
063036,1875,15647,17522
063037,1938,17444,19382
063038,472,4298,4770
063039,802,5345,6147
063040,146,1408,1554
063041,6635,51115,57750
063042,1026,6765,7791
063043,3363,25631,28994
063044,1569,12414,13983
063045,4588,30947,35535
063046,831,7097,7928
063047,1229,11120,12349
063048,4229,30614,34843
063049,99943,840997,940940
063050,3685,30454,34139
063051,2631,20828,23459
063052,1907,14260,16167
063053,1302,11365,12667
063054,788,5131,5919
063055,2927,19021,21948
063056,1585,11615,13200
063057,4511,35554,40065
063058,2753,22095,24848
063059,5268,47986,53254
063060,8225,70645,78870
063061,928,9370,10298
063062,3126,21945,25071
063063,5250,34435,39685
063064,5828,45772,51600
063065,659,6097,6756
063066,1514,10414,11928
063067,4149,39155,43304
063068,3613,25855,29468
063069,337,3048,3385
063070,988,7843,8831
063071,951,7882,8833
063072,3021,23596,26617
063073,4237,28838,33075
063074,2261,17115,19376
063075,836,5600,6436
063076,1983,14200,16183
063077,726,5396,6122
063078,299,2794,3093
063079,3843,30377,34220
063080,1507,14449,15956
063081,1141,7594,8735
063082,2125,15627,17752
063083,4955,36133,41088
063084,9265,73064,82329
063085,399,3101,3500
063086,2250,18166,20416
063087,4219,26778,30997
063088,415,3880,4295
063089,3563,21706,25269
063090,1548,10331,11879
063091,966,7772,8738
063092,533,4561,5094
064001,401,3561,3962
064002,394,3670,4064
064003,110,1637,1747
064004,83,1449,1532
064005,1862,19284,21146
064006,935,9628,10563
064007,842,6742,7584
064008,4456,48608,53064
064009,219,2857,3076
064010,432,4091,4523
064011,334,3285,3619
064012,184,2074,2258
064013,14,263,277
064014,181,2089,2270
064015,299,4071,4370
064016,111,990,1101
064017,329,3010,3339
064018,230,2036,2266
064019,101,1225,1326
064020,129,1515,1644
064021,78,832,910
064022,94,988,1082
064023,150,1743,1893
064024,139,1413,1552
064025,858,8203,9061
064026,277,2350,2627
064027,31,424,455
064028,186,1975,2161
064029,337,2654,2991
064030,110,1159,1269
064031,210,1644,1854
064032,254,2485,2739
064033,220,2701,2921
064034,546,4667,5213
064035,258,3254,3512
064036,295,3047,3342
064037,46,564,610
064038,767,7046,7813
064039,152,1699,1851
064040,99,1457,1556
064041,137,1989,2126
064042,118,1351,1469
064043,311,3014,3325
064044,622,5469,6091
064045,92,1011,1103
064046,278,2793,3071
064047,191,1445,1636
064048,178,1647,1825
064049,1081,10756,11837
064050,580,6679,7259
064051,12,346,358
064052,281,3165,3446
064053,258,2891,3149
064054,1237,10167,11404
064055,183,1935,2118
064056,83,1153,1236
064057,720,6735,7455
064058,231,2463,2694
064059,459,4699,5158
064060,51,689,740
064063,93,1063,1156
064064,173,1408,1581
064065,487,4684,5171
064066,327,3548,3875
064067,238,1867,2105
064068,189,1513,1702
064069,49,582,631
064070,176,2042,2218
064071,29,253,282
064072,133,1964,2097
064073,128,1311,1439
064074,274,2568,2842
064075,398,3304,3702
064076,204,1614,1818
064077,188,1711,1899
064078,201,2106,2307
064079,67,732,799
064080,366,3150,3516
064081,49,666,715
064082,74,1056,1130
064083,480,4309,4789
064084,222,2254,2476
064085,63,699,762
064086,118,1382,1500
064087,137,1407,1544
064088,147,1268,1415
064089,63,1297,1360
064090,41,670,711
064091,56,655,711
064092,309,3689,3998
064093,92,1129,1221
064095,180,1890,2070
064096,98,937,1035
064097,51,1049,1100
064098,35,740,775
064099,672,6168,6840
064100,334,2445,2779
064101,1304,10913,12217
064102,40,503,543
064103,413,3282,3695
064104,271,2636,2907
064105,138,1369,1507
064106,144,1356,1500
064107,168,2025,2193
064108,106,1361,1467
064109,162,1828,1990
064110,97,1127,1224
064111,13,446,459
064112,70,809,879
064113,53,732,785
064114,243,2363,2606
064115,123,1135,1258
064116,227,2131,2358
064117,86,830,916
064118,101,1423,1524
064119,270,2823,3093
064120,52,945,997
064121,2318,16813,19131
065001,223,2310,2533
065002,2087,19503,21590
065003,674,5636,6310
065004,80,859,939
065005,712,6257,6969
065006,420,4456,4876
065007,4241,29644,33885
065008,93,1296,1389
065009,509,5301,5810
065010,246,2160,2406
065011,70,731,801
065012,180,2026,2206
065013,1793,15160,16953
065014,5200,45081,50281
065015,43,691,734
065016,645,4741,5386
065017,365,4360,4725
065018,245,2204,2449
065019,241,2367,2608
065020,133,1285,1418
065021,625,6452,7077
065022,1953,14884,16837
065023,15,344,359
065024,88,892,980
065025,2407,20735,23142
065026,99,1013,1112
065027,92,1230,1322
065028,542,4883,5425
065029,171,1720,1891
065030,73,1444,1517
065031,811,8067,8878
065032,321,2475,2796
065033,32,462,494
065034,1505,11951,13456
065035,184,2111,2295
065036,159,1147,1306
065037,4889,45885,50774
065038,165,1641,1806
065039,430,4633,5063
065040,178,2082,2260
065041,154,1879,2033
065042,82,1101,1183
065043,345,3126,3471
065044,58,613,671
065045,57,738,795
065046,344,2899,3243
065047,283,2236,2519
065048,32,492,524
065049,44,513,557
065050,4104,34388,38492
065051,78,1115,1193
065052,1478,12310,13788
065053,67,652,719
065054,102,1006,1108
065055,488,4478,4966
065056,1283,10426,11709
065057,86,1084,1170
065058,147,1165,1312
065059,83,931,1014
065060,128,1073,1201
065061,88,1278,1366
065062,37,692,729
065063,156,1225,1381
065064,85,927,1012
065065,32,583,615
065066,481,5014,5495
065067,2493,19437,21930
065068,197,2452,2649
065069,130,1726,1856
065070,150,1706,1856
065071,211,2418,2629
065072,1448,9690,11138
065073,1337,10839,12176
065074,53,472,525
065075,101,1385,1486
065076,591,5772,6363
065077,42,562,604
065078,4314,40353,44667
065079,2615,21368,23983
065080,297,2012,2309
065081,221,2067,2288
065082,736,5838,6574
065083,361,3339,3700
065084,180,1487,1667
065085,54,933,987
065086,67,567,634
065087,417,4597,5014
065088,3904,30873,34777
065089,413,3422,3835
065090,1223,9640,10863
065091,137,1628,1765
065092,62,791,853
065093,45,610,655
065094,80,971,1051
065095,63,1141,1204
065096,161,2362,2523
065097,543,4674,5217
065098,178,2076,2254
065099,2810,23129,25939
065100,356,3453,3809
065101,184,1853,2037
065102,177,1831,2008
065103,112,953,1065
065104,228,2241,2469
065105,59,1033,1092
065106,689,6323,7012
065107,144,1441,1585
065108,958,7842,8800
065109,112,1303,1415
065110,34,344,378
065111,28,624,652
065112,72,699,771
065113,23,427,450
065114,1229,10640,11869
065115,175,1667,1842
065116,11423,118817,130240
065117,24,475,499
065118,763,5799,6562
065119,341,3368,3709
065120,366,3705,4071
065121,324,2365,2689
065122,1334,9133,10467
065123,68,800,868
065124,38,507,545
065125,179,1493,1672
065126,184,1471,1655
065127,351,2842,3193
065128,29,510,539
065129,258,2458,2716
065130,1069,7798,8867
065131,36,369,405
065132,1488,9526,11014
065133,178,2236,2414
065134,557,5959,6516
065135,3513,27235,30748
065136,431,4314,4745
065137,5539,43223,48762
065138,160,1364,1524
065139,18,268,286
065140,397,3411,3808
065141,112,1115,1227
065142,932,8622,9554
065143,291,2938,3229
065144,52,633,685
065145,54,728,782
065146,613,6819,7432
065147,184,1656,1840
065148,110,1101,1211
065149,189,1855,2044
065150,41,441,482
065151,435,3672,4107
065152,138,1432,1570
065153,6,217,223
065154,754,7418,8172
065155,152,1440,1592
065156,269,2991,3260
065157,649,6759,7408
065158,1549,11869,13418
066001,17,283,300
066002,152,1301,1453
066003,51,884,935
066004,15,301,316
066005,92,1012,1104
066006,4316,36732,41048
066007,312,2976,3288
066008,48,574,622
066009,172,1517,1689
066010,61,661,722
066011,4,196,200
066012,90,974,1064
066013,85,1107,1192
066014,3,127,130
066015,39,742,781
066016,13,448,461
066017,55,872,927
066018,17,205,222
066019,61,790,851
066020,402,4555,4957
066021,57,571,628
066022,8,190,198
066023,34,518,552
066024,9,74,83
066025,465,4766,5231
066026,40,401,441
066027,16,282,298
066028,565,6074,6639
066029,85,973,1058
066030,7,113,120
066031,48,807,855
066032,1068,9406,10474
066033,154,1422,1576
066034,73,872,945
066035,14,273,287
066036,294,2802,3096
066037,17,202,219
066038,62,787,849
066039,72,1071,1143
066040,14,199,213
066041,67,910,977
066042,35,334,369
066043,26,266,292
066044,63,623,686
066045,21,217,238
066046,136,1603,1739
066047,34,494,528
066048,151,1838,1989
066049,6754,63187,69941
066050,133,1420,1553
066051,770,5277,6047
066052,50,819,869
066053,334,3236,3570
066054,91,1300,1391
066055,23,341,364
066056,185,2100,2285
066057,102,1249,1351
066058,38,497,535
066059,106,1023,1129
066060,28,411,439
066061,20,359,379
066062,149,1140,1289
066063,7,431,438
066064,171,1592,1763
066065,96,1072,1168
066066,74,1047,1121
066067,48,594,642
066068,150,1955,2105
066069,357,3480,3837
066070,81,1029,1110
066071,93,1292,1385
066072,470,3861,4331
066073,121,947,1068
066074,36,400,436
066075,647,6553,7200
066076,58,846,904
066077,241,2421,2662
066078,43,638,681
066079,36,565,601
066080,62,786,848
066081,36,453,489
066082,93,1314,1407
066083,15,164,179
066084,132,1431,1563
066085,396,3357,3753
066086,2,97,99
066087,200,1680,1880
066088,79,590,669
066089,70,1058,1128
066090,42,336,378
066091,7,109,116
066092,140,2028,2168
066093,120,1631,1751
066094,39,509,548
066095,513,3292,3805
066096,247,2459,2706
066097,11,317,328
066098,1812,21119,22931
066099,562,5990,6552
066100,12,264,276
066101,254,2635,2889
066102,682,5256,5938
066103,11,504,515
066104,6,88,94
066105,49,424,473
066106,69,788,857
066107,34,563,597
066108,77,763,840
067001,1176,11012,12188
067002,166,1656,1822
067003,57,734,791
067004,834,9301,10135
067005,238,2142,2380
067006,640,6118,6758
067007,121,1606,1727
067008,584,6147,6731
067009,194,1582,1776
067010,43,418,461
067011,847,6626,7473
067012,67,938,1005
067013,161,1935,2096
067014,109,1296,1405
067015,195,2141,2336
067016,117,1397,1514
067017,389,4241,4630
067018,201,1936,2137
067019,362,3257,3619
067020,199,2047,2246
067021,586,4507,5093
067022,32,565,597
067023,61,1091,1152
067024,5,260,265
067025,2070,21208,23278
067026,420,4082,4502
067027,77,888,965
067028,787,6902,7689
067029,360,3229,3589
067030,912,8210,9122
067031,580,4622,5202
067032,569,5802,6371
067033,159,1519,1678
067034,5,220,225
067035,1475,13323,14798
067036,26,456,482
067037,2451,23218,25669
067038,1115,8671,9786
067039,475,4673,5148
067040,1491,13902,15393
067041,4851,48630,53481
067042,157,1372,1529
067043,241,2277,2518
067044,1120,10741,11861
067045,93,1173,1266
067046,41,826,867
067047,1638,14420,16058
068001,23,340,363
068002,331,3116,3447
068003,99,955,1054
068004,16,247,263
068005,145,2225,2370
068006,470,3506,3976
068007,121,1780,1901
068008,40,533,573
068009,63,680,743
068010,86,1164,1250
068011,1262,9515,10777
068012,1651,13178,14829
068013,89,1106,1195
068014,124,1562,1686
068015,682,5337,6019
068016,7,201,208
068017,94,1265,1359
068018,135,1507,1642
068019,118,1265,1383
068020,235,2515,2750
068021,657,6566,7223
068022,727,6088,6815
068023,65,842,907
068024,5821,47292,53113
068025,264,2839,3103
068026,158,1617,1775
068027,903,10813,11716
068028,11045,108410,119455
068029,31,444,475
068030,927,7637,8564
068031,128,1177,1305
068032,20,421,441
068033,356,4449,4805
068034,67,833,900
068035,478,3517,3995
068036,21,248,269
068037,16,238,254
068038,173,1706,1879
068039,339,3220,3559
068040,41,493,534
068041,2139,16550,18689
068042,246,2217,2463
068043,282,2637,2919
068044,60,731,791
068045,26,355,381
068046,34,537,571
069001,390,2699,3089
069002,169,1897,2066
069003,82,995,1077
069004,92,1014,1106
069005,1102,9393,10495
069006,53,698,751
069007,17,297,314
069008,535,4497,5032
069009,8,73,81
069010,90,1203,1293
069011,42,482,524
069012,36,568,604
069013,102,1084,1186
069014,60,814,874
069015,463,5381,5844
069016,304,2735,3039
069017,498,4852,5350
069018,459,3772,4231
069019,11,322,333
069020,117,1485,1602
069021,53,766,819
069022,4130,45878,50008
069023,18,281,299
069024,63,726,789
069025,3,163,166
069026,23,401,424
069027,227,2478,2705
069028,513,4343,4856
069029,23,297,320
069030,195,1755,1950
069031,114,1206,1320
069032,55,825,880
069033,648,5571,6219
069034,10,273,283
069035,2413,22786,25199
069036,72,834,906
069037,133,1541,1674
069038,48,810,858
069039,21,271,292
069040,77,1198,1275
069041,218,2362,2580
069042,100,1053,1153
069043,743,7950,8693
069044,36,376,412
069045,60,1071,1131
069046,3168,31192,34360
069047,51,595,646
069048,24,302,326
069049,64,607,671
069050,441,4259,4700
069051,64,813,877
069052,9,110,119
069053,4,76,80
069054,56,557,613
069055,228,2116,2344
069056,284,2143,2427
069057,321,3386,3707
069058,1950,20186,22136
069059,398,3774,4172
069060,117,1167,1284
069061,49,757,806
069062,68,889,957
069063,8,216,224
069064,23,412,435
069065,141,1392,1533
069066,53,938,991
069067,77,748,825
069068,164,1926,2090
069069,62,802,864
069070,33,703,736
069071,88,1150,1238
069072,418,3562,3980
069073,118,1490,1608
069074,203,2098,2301
069075,61,1042,1103
069076,72,1147,1219
069077,4,91,95
069078,11,192,203
069079,74,818,892
069080,3,147,150
069081,1787,12097,13884
069082,66,785,851
069083,2170,17639,19809
069084,241,1823,2064
069085,218,2094,2312
069086,489,4729,5218
069087,258,2778,3036
069088,38,665,703
069089,22,321,343
069090,358,3548,3906
069091,259,2719,2978
069092,131,1511,1642
069093,28,723,751
069094,464,3694,4158
069095,72,1133,1205
069096,195,1505,1700
069097,24,349,373
069098,119,1447,1566
069099,3975,36559,40534
069100,72,827,899
069101,179,2029,2208
069102,81,1112,1193
069103,17,113,130
069104,7,113,120
070001,22,569,591
070002,191,2355,2546
070003,701,6799,7500
070004,70,1189,1259
070005,89,1095,1184
070006,4113,43736,47849
070007,52,544,596
070008,233,2214,2447
070009,72,747,819
070010,759,6998,7757
070011,114,1867,1981
070012,37,456,493
070013,13,251,264
070014,24,430,454
070015,76,1244,1320
070016,48,839,887
070017,315,3302,3617
070018,46,577,623
070019,19,304,323
070020,62,684,746
070021,102,1619,1721
070022,13,385,398
070023,306,2862,3168
070024,68,1140,1208
070025,73,1235,1308
070026,55,704,759
070027,60,897,957
070028,58,673,731
070029,423,4628,5051
070030,155,1526,1681
070031,524,6037,6561
070032,43,674,717
070033,45,595,640
070034,35,404,439
070035,40,463,503
070036,94,1022,1116
070037,115,953,1068
070038,217,1861,2078
070039,8,149,157
070040,44,430,474
070041,66,965,1031
070042,72,1177,1249
070043,90,1353,1443
070044,22,306,328
070045,9,305,314
070046,559,5624,6183
070047,20,367,387
070048,38,498,536
070049,160,1525,1685
070050,134,1484,1618
070051,354,3131,3485
070052,76,998,1074
070053,117,1148,1265
070054,14,200,214
070055,228,2141,2369
070056,4,101,105
070057,419,4551,4970
070058,15,453,468
070059,292,2757,3049
070060,37,617,654
070061,94,1062,1156
070062,45,593,638
070063,8,142,150
070064,22,544,566
070065,141,1263,1404
070066,32,494,526
070067,64,879,943
070068,81,922,1003
070069,409,4260,4669
070070,62,751,813
070071,47,424,471
070072,310,3850,4160
070073,22,301,323
070074,98,1517,1615
070075,155,1662,1817
070076,83,1123,1206
070077,30,600,630
070078,3089,29860,32949
070079,56,663,719
070080,66,1213,1279
070081,410,4110,4520
070082,27,801,828
070083,229,2290,2519
070084,334,2973,3307
071001,217,2058,2275
071002,51,811,862
071003,79,1067,1146
071004,1320,11380,12700
071005,627,5372,5999
071006,245,2400,2645
071007,226,2829,3055
071008,666,6127,6793
071009,192,2345,2537
071010,864,5815,6679
071011,72,763,835
071012,326,3572,3898
071013,110,1285,1395
071014,125,1594,1719
071015,203,1831,2034
071016,119,1119,1238
071017,105,1215,1320
071018,109,1334,1443
071019,4,147,151
071020,6520,48516,55036
071021,127,1439,1566
071022,369,3225,3594
071023,59,555,614
071024,14785,133516,148301
071025,425,3894,4319
071026,31,411,442
071027,570,5669,6239
071028,3176,28682,31858
071029,5468,49561,55029
071031,639,5433,6072
071032,69,903,972
071033,1082,10575,11657
071034,39,627,666
071035,194,2350,2544
071036,1837,15096,16933
071037,46,649,695
071038,495,3813,4308
071039,242,2325,2567
071040,256,2328,2584
071041,151,1730,1881
071042,145,1589,1734
071043,311,3155,3466
071044,90,910,1000
071046,2717,23924,26641
071047,1275,11570,12845
071048,62,840,902
071049,1273,13171,14444
071050,584,5064,5648
071051,4906,43950,48856
071052,181,1668,1849
071053,352,3442,3794
071054,752,4990,5742
071055,665,4526,5191
071056,1737,14906,16643
071058,683,6134,6817
071059,740,6661,7401
071060,1382,12252,13634
071061,18,368,386
071062,145,1454,1599
071063,424,2498,2922
071064,374,2930,3304
072001,1925,18168,20093
072002,1623,14867,16490
072003,924,9558,10482
072004,8348,61470,69818
072006,28079,284924,313003
072008,255,1895,2150
072010,1375,10456,11831
072011,5564,46711,52275
072012,1316,9961,11277
072014,1573,13653,15226
072015,2139,17186,19325
072016,1547,13081,14628
072017,1897,17277,19174
072018,698,5049,5747
072019,2640,23173,25813
072020,5002,42358,47360
072021,2566,24307,26873
072022,1808,17560,19368
072023,4712,37956,42668
072024,1207,11047,12254
072025,1363,12711,14074
072027,3920,33294,37214
072028,2134,22436,24570
072029,5565,52117,57682
072030,4482,43384,47866
072031,1590,16911,18501
072032,2792,23188,25980
072033,2231,18442,20673
072034,95,1233,1328
072035,1708,15783,17491
072036,2277,23632,25909
072037,1910,16511,18421
072038,2511,22266,24777
072039,515,5656,6171
072040,1025,8634,9659
072041,2612,23125,25737
072043,2629,23552,26181
072044,808,7368,8176
072046,2624,23602,26226
072047,1318,11621,12939
072048,1633,15755,17388
073001,520,5837,6357
073002,774,5945,6719
073003,1401,14883,16284
073004,1469,11724,13193
073005,363,3077,3440
073006,480,4590,5070
073007,2142,19540,21682
073008,2968,27988,30956
073009,1624,13297,14921
073010,886,7286,8172
073011,945,8753,9698
073012,2657,27392,30049
073013,4432,42981,47413
073014,425,4828,5253
073015,3327,28605,31932
073016,552,4877,5429
073017,333,3306,3639
073018,228,2087,2315
073019,1421,14082,15503
073020,784,6778,7562
073021,1657,14204,15861
073022,1168,10169,11337
073023,190,1609,1799
073024,1440,12877,14317
073025,989,7960,8949
073026,1519,13838,15357
073027,17721,171645,189366
073028,354,3842,4196
073029,1383,11896,13279
074001,8073,75775,83848
074002,1735,15168,16903
074003,1645,17393,19038
074004,580,5662,6242
074005,922,10322,11244
074006,751,7598,8349
074007,3762,35264,39026
074008,3632,31658,35290
074009,1208,12613,13821
074010,2282,23432,25714
074011,1419,13292,14711
074012,2480,27891,30371
074013,583,5666,6249
074014,586,5589,6175
074015,802,8691,9493
074016,1147,12051,13198
074017,1510,16821,18331
074018,486,4741,5227
074019,983,9235,10218
074020,957,8049,9006
075002,515,5655,6170
075003,585,5066,5651
075004,593,5920,6513
075005,387,4230,4617
075006,859,8167,9026
075007,419,3584,4003
075008,141,1640,1781
075009,234,2427,2661
075010,634,6176,6810
075011,825,9065,9890
075012,129,1517,1646
075013,210,2134,2344
075014,1071,10570,11641
075015,309,3368,3677
075016,1916,17661,19577
075017,234,2546,2780
075018,295,3451,3746
075019,388,4796,5184
075020,1406,11243,12649
075021,414,5318,5732
075022,2294,20984,23278
075023,495,5205,5700
075024,519,4713,5232
075025,337,3603,3940
075026,809,7997,8806
075027,185,2728,2913
075028,376,4634,5010
075029,2267,23718,25985
075030,1425,13637,15062
075031,1763,18329,20092
075032,91,1059,1150
075033,196,1738,1934
075034,447,5111,5558
075035,8613,85060,93673
075036,911,7656,8567
075037,1470,12324,13794
075038,1278,10414,11692
075039,1143,12603,13746
075040,737,7920,8657
075041,150,1446,1596
075042,1104,10063,11167
075043,837,9090,9927
075044,623,6169,6792
075045,166,1987,2153
075046,283,3082,3365
075047,288,3246,3534
075048,1277,12335,13612
075049,254,2355,2609
075050,216,2889,3105
075051,400,4410,4810
075052,2778,27954,30732
075053,412,4621,5033
075054,143,2026,2169
075055,614,7152,7766
075056,150,2098,2248
075057,464,5305,5769
075058,102,1316,1418
075059,765,7996,8761
075060,152,1481,1633
075061,524,5367,5891
075063,1023,9716,10739
075064,925,8519,9444
075065,668,7258,7926
075066,340,4219,4559
075067,143,1322,1465
075068,796,7093,7889
075069,462,5022,5484
075070,509,5194,5703
075071,358,3074,3432
075072,236,2609,2845
075073,663,6094,6757
075074,118,1710,1828
075075,360,3586,3946
075076,439,4830,5269
075077,409,4171,4580
075078,290,3211,3501
075079,1052,12489,13541
075080,180,2002,2182
075081,434,3781,4215
075082,138,1419,1557
075083,1582,12935,14517
075084,1209,10240,11449
075085,1092,10532,11624
075086,284,2502,2786
075087,1307,12728,14035
075088,1588,15564,17152
075089,492,4643,5135
075090,1117,11058,12175
075091,409,3978,4387
075092,1294,12329,13623
075093,570,6272,6842
075094,135,1757,1892
075095,161,1807,1968
075096,120,2220,2340
075097,664,5576,6240
075098,822,8681,9503
076001,95,1250,1345
076002,158,2071,2229
076003,115,1253,1368
076004,106,1479,1585
076005,42,534,576
076006,348,3399,3747
076007,937,9802,10739
076008,185,1582,1767
076009,83,1154,1237
076010,253,2306,2559
076011,241,2430,2671
076012,460,4335,4795
076013,353,3537,3890
076014,58,772,830
076015,163,1626,1789
076016,15,346,361
076017,54,690,744
076018,71,1105,1176
076019,16,533,549
076020,10,214,224
076021,39,800,839
076022,160,1809,1969
076023,63,671,734
076024,46,699,745
076025,85,1175,1260
076026,35,909,944
076027,26,547,573
076028,135,1663,1798
076029,176,2199,2375
076030,118,1191,1309
076031,30,529,559
076032,223,2596,2819
076033,137,1744,1881
076034,391,3676,4067
076035,69,754,823
076036,479,4978,5457
076037,143,1454,1597
076038,17,504,521
076039,419,4638,5057
076040,292,3934,4226
076041,112,1554,1666
076042,970,11156,12126
076043,1253,11779,13032
076044,381,4519,4900
076045,310,3684,3994
076046,691,4906,5597
076047,117,1422,1539
076048,1877,15170,17047
076049,45,489,534
076050,290,3421,3711
076051,81,1377,1458
076052,80,1070,1150
076053,373,4664,5037
076054,122,1278,1400
076055,50,724,774
076056,299,3301,3600
076057,357,4257,4614
076058,129,1605,1734
076059,523,5149,5672
076060,348,3543,3891
076061,64,873,937
076062,729,6105,6834
076063,5852,60136,65988
076064,463,3718,4181
076065,51,851,902
076066,1159,11487,12646
076067,137,1476,1613
076068,227,2400,2627
076069,82,1293,1375
076070,250,3074,3324
076071,345,3071,3416
076072,69,940,1009
076073,80,1155,1235
076074,51,899,950
076075,25,602,627
076076,153,2527,2680
076077,37,648,685
076078,82,1362,1444
076079,128,1225,1353
076080,596,5671,6267
076081,118,1293,1411
076082,63,700,763
076083,200,2054,2254
076084,84,943,1027
076085,573,6180,6753
076086,82,1293,1375
076087,35,500,535
076088,59,1008,1067
076089,881,6298,7179
076090,239,2811,3050
076091,252,2713,2965
076092,134,1867,2001
076093,37,565,602
076094,155,1775,1930
076095,920,10289,11209
076096,225,2482,2707
076097,189,2627,2816
076098,429,2889,3318
076099,65,649,714
076100,276,2867,3143
077001,141,1565,1706
077002,55,834,889
077003,1151,10743,11894
077004,51,622,673
077005,11,288,299
077006,59,1039,1098
077007,52,598,650
077008,689,7465,8154
077009,91,917,1008
077010,68,817,885
077011,414,4464,4878
077012,174,1951,2125
077013,341,4206,4547
077014,5862,54433,60295
077015,207,2198,2405
077016,645,6212,6857
077017,949,8493,9442
077018,680,6055,6735
077019,23,353,376
077020,1534,15301,16835
077021,1959,15909,17868
077022,338,3566,3904
077023,208,2293,2501
077024,210,2399,2609
077025,68,1041,1109
077026,85,1257,1342
077027,188,3575,3763
077028,349,4551,4900
077029,412,4390,4802
077030,105,1289,1394
077031,841,6673,7514
078001,75,937,1012
078002,169,1584,1753
078003,1732,18001,19733
078004,99,1450,1549
078005,73,677,750
078006,83,1139,1222
078007,12,363,375
078008,53,614,667
078009,404,3747,4151
078010,1335,12523,13858
078011,222,2550,2772
078012,204,2353,2557
078013,172,1655,1827
078014,78,814,892
078015,860,8276,9136
078016,77,1146,1223
078017,1022,8835,9857
078018,44,1107,1151
078019,185,2486,2671
078020,162,1962,2124
078021,98,1218,1316
078022,109,1058,1167
078023,111,1464,1575
078024,33,626,659
078025,799,6963,7762
078026,295,2883,3178
078027,8,204,212
078029,1699,14971,16670
078030,261,2531,2792
078031,991,8433,9424
078032,10,232,242
078033,2026,19481,21507
078034,230,2464,2694
078035,33,453,486
078036,230,2037,2267
078037,266,2695,2961
078038,64,726,790
078039,124,1164,1288
078040,917,8757,9674
078041,57,802,859
078042,101,1121,1222
078043,88,1071,1159
078045,6155,59042,65197
078046,95,912,1007
078047,1124,8650,9774
078048,429,4652,5081
078049,397,3855,4252
078050,79,839,918
078051,308,3266,3574
078052,112,1213,1325
078053,111,1014,1125
078054,159,1776,1935
078055,252,2590,2842
078056,299,2522,2821
078057,153,1781,1934
078058,817,7233,8050
078059,128,1463,1591
078060,212,2037,2249
078061,145,1573,1718
078062,165,2187,2352
078063,137,1623,1760
078064,79,692,771
078065,74,817,891
078066,388,3465,3853
078067,187,2143,2330
078068,205,2595,2800
078069,174,2120,2294
078070,862,8066,8928
078071,91,1105,1196
078072,59,682,741
078073,140,1561,1701
078074,243,2395,2638
078075,230,1666,1896
078076,425,2920,3345
078077,374,2704,3078
078078,98,851,949
078079,992,8323,9315
078080,124,1394,1518
078081,2916,17358,20274
078082,84,1585,1669
078083,336,3805,4141
078084,179,2557,2736
078085,69,1055,1124
078086,16,322,338
078087,108,1829,1937
078088,78,1102,1180
078089,88,919,1007
078090,22,291,313
078091,1414,13831,15245
078092,20,630,650
078093,176,1914,2090
078094,133,1190,1323
078096,50,709,759
078097,143,1252,1395
078098,79,1103,1182
078099,84,940,1024
078100,44,632,676
078101,541,5954,6495
078102,3582,32110,35692
078103,317,2919,3236
078104,670,6238,6908
078105,480,5054,5534
078106,485,3764,4249
078107,169,1701,1870
078109,80,935,1015
078110,325,2755,3080
078111,51,899,950
078112,148,1270,1418
078113,55,516,571
078114,242,2998,3240
078115,70,1149,1219
078116,238,2290,2528
078117,87,1173,1260
078118,117,1225,1342
078119,1504,14924,16428
078120,30,526,556
078121,370,2777,3147
078122,571,5299,5870
078123,716,6415,7131
078124,49,910,959
078125,203,1688,1891
078126,28,456,484
078127,344,3140,3484
078128,174,1852,2026
078129,113,1062,1175
078130,94,1018,1112
078131,169,1588,1757
078132,461,4464,4925
078133,181,2147,2328
078134,214,1489,1703
078135,208,1851,2059
078136,282,3240,3522
078137,48,808,856
078138,1116,10116,11232
078139,62,1077,1139
078140,43,453,496
078142,667,6091,6758
078143,362,3973,4335
078145,188,1735,1923
078146,425,4269,4694
078147,38,598,636
078148,470,3966,4436
078149,586,5358,5944
078150,811,7912,8723
078152,91,973,1064
078153,219,2531,2750
078154,561,4872,5433
078155,354,2278,2632
078156,912,8813,9725
078157,8345,66505,74850
079002,64,784,848
079003,159,1549,1708
079004,79,690,769
079005,38,635,673
079007,26,444,470
079008,280,2585,2865
079009,109,1131,1240
079011,712,6551,7263
079012,610,4457,5067
079017,142,1603,1745
079018,148,1762,1910
079020,102,1327,1429
079023,8408,78182,86590
079024,48,461,509
079025,39,316,355
079027,99,999,1098
079029,485,4710,5195
079030,75,824,899
079033,113,1219,1332
079034,135,1814,1949
079036,554,4132,4686
079039,635,5974,6609
079042,555,4889,5444
079043,263,2730,2993
079047,390,3391,3781
079048,229,1791,2020
079052,57,505,562
079055,35,395,430
079056,154,1761,1915
079058,274,2804,3078
079059,531,5164,5695
079060,631,4458,5089
079061,401,3823,4224
079063,152,1356,1508
079065,41,524,565
079068,115,1029,1144
079069,489,4000,4489
079071,44,352,396
079072,263,1924,2187
079073,77,762,839
079074,44,947,991
079077,83,638,721
079080,120,1592,1712
079081,588,4789,5377
079083,61,734,795
079087,498,4213,4711
079088,30,461,491
079089,98,1031,1129
079092,159,1786,1945
079094,62,967,1029
079095,253,2248,2501
079096,281,2302,2583
079099,163,1807,1970
079108,90,619,709
079110,141,1326,1467
079114,421,3460,3881
079115,138,1431,1569
079116,185,1243,1428
079117,168,1880,2048
079118,125,1665,1790
079122,164,1498,1662
079123,322,3036,3358
079126,47,446,493
079127,864,6717,7581
079129,313,2646,2959
079130,398,4018,4416
079131,437,2731,3168
079133,481,4158,4639
079134,77,707,784
079137,629,8131,8760
079138,272,2659,2931
079139,147,1344,1491
079142,378,3172,3550
079143,196,2163,2359
079146,213,2342,2555
079147,355,3327,3682
079148,87,868,955
079151,133,1426,1559
079157,125,1359,1484
079160,7245,60468,67713
080001,377,2444,2821
080002,37,445,482
080003,203,1875,2078
080004,113,1097,1210
080005,544,4298,4842
080006,110,839,949
080007,1019,8590,9609
080008,349,2154,2503
080009,457,3612,4069
080010,102,1126,1228
080011,32,365,397
080012,1176,7605,8781
080013,374,3736,4110
080014,299,3066,3365
080015,92,993,1085
080016,54,740,794
080017,101,650,751
080018,513,3879,4392
080019,51,364,415
080020,65,632,697
080021,30,435,465
080022,86,1316,1402
080023,259,1899,2158
080024,67,645,712
080025,634,6312,6946
080026,54,482,536
080027,751,5659,6410
080028,1138,8832,9970
080029,470,4317,4787
080030,90,724,814
080031,395,2802,3197
080032,119,1454,1573
080033,68,694,762
080034,57,800,857
080035,127,1418,1545
080036,257,2198,2455
080037,186,1490,1676
080038,2406,17037,19443
080039,847,6004,6851
080040,287,2671,2958
080041,35,344,379
080042,474,4272,4746
080043,1254,10856,12110
080044,255,2345,2600
080045,701,5603,6304
080046,139,1273,1412
080047,48,465,513
080048,70,766,836
080049,594,4143,4737
080050,1005,9651,10656
080051,169,2174,2343
080052,333,3214,3547
080053,561,5243,5804
080054,522,5236,5758
080055,497,4520,5017
080056,125,1991,2116
080057,1974,16095,18069
080058,46,450,496
080059,81,1009,1090
080060,696,3055,3751
080061,1107,8684,9791
080062,114,1001,1115
080063,17486,155970,173456
080064,233,1636,1869
080065,861,6860,7721
080066,9,375,384
080067,553,5702,6255
080068,107,859,966
080069,1855,12315,14170
080070,56,675,731
080071,348,2658,3006
080072,23,381,404
080073,175,2190,2365
080074,501,3005,3506
080075,74,989,1063
080076,69,435,504
080077,126,1472,1598
080078,52,747,799
080079,60,519,579
080080,36,282,318
080081,463,3383,3846
080082,162,1206,1368
080083,101,1071,1172
080084,82,778,860
080085,464,4250,4714
080086,237,2269,2506
080087,60,730,790
080088,1951,15364,17315
080089,231,1693,1924
080090,8,187,195
080091,126,1127,1253
080092,223,2220,2443
080093,1649,13344,14993
080094,43,423,466
080095,214,1834,2048
080096,1323,11729,13052
080097,437,4225,4662
081001,4550,40307,44857
081002,265,2498,2763
081003,565,5723,6288
081004,1098,10372,11470
081005,1432,13212,14644
081006,2787,27493,30280
081007,547,4810,5357
081008,2492,23881,26373
081009,343,3960,4303
081010,344,3532,3876
081011,7914,72455,80369
081012,5346,44700,50046
081013,1044,9884,10928
081014,725,6666,7391
081015,865,9136,10001
081016,110,1287,1397
081017,151,1450,1601
081018,836,9224,10060
081019,445,4430,4875
081020,426,4381,4807
081021,6208,59041,65249
081022,989,10564,11553
081023,130,1708,1838
081024,918,7119,8037
082001,307,3096,3403
082002,139,1732,1871
082003,79,1026,1105
082004,1049,7403,8452
082005,1155,8680,9835
082006,6218,46931,53149
082007,566,5750,6316
082008,204,1671,1875
082009,1500,9553,11053
082010,366,3861,4227
082011,465,3620,4085
082012,77,1189,1266
082013,889,6209,7098
082014,749,7187,7936
082015,276,3414,3690
082016,46,420,466
082017,710,6841,7551
082018,101,1085,1186
082019,339,2701,3040
082020,1462,10109,11571
082021,5256,33541,38797
082022,675,7684,8359
082023,1477,10066,11543
082024,241,2891,3132
082025,204,2709,2913
082026,106,873,979
082027,1184,12810,13994
082028,525,4446,4971
082029,204,2435,2639
082030,337,3187,3524
082031,1346,10548,11894
082032,335,3486,3821
082033,118,1437,1555
082034,1119,9575,10694
082035,1831,10932,12763
082036,502,5856,6358
082037,117,1665,1782
082038,284,1987,2271
082039,116,1630,1746
082040,110,990,1100
082041,70,817,887
082042,77,1291,1368
082043,795,6283,7078
082044,375,3296,3671
082045,611,5796,6407
082046,667,5616,6283
082047,260,2494,2754
082048,3666,24921,28587
082049,4630,32745,37375
082050,607,5272,5879
082051,223,2827,3050
082052,119,1762,1881
082053,69685,571035,640720
082054,3409,27320,30729
082055,229,2847,3076
082056,164,2356,2520
082057,479,5279,5758
082058,170,2875,3045
082059,229,2628,2857
082060,328,4064,4392
082061,130,1259,1389
082062,181,2051,2232
082063,539,4552,5091
082064,907,7340,8247
082065,110,1325,1435
082066,92,878,970
082067,1220,9732,10952
082068,307,2283,2590
082069,23,366,389
082070,2669,22713,25382
082071,1512,11016,12528
082072,516,3641,4157
082073,1057,9191,10248
082074,318,2697,3015
082075,115,1176,1291
082076,282,3041,3323
082077,168,1683,1851
082078,225,2300,2525
082079,2775,16868,19643
082080,337,2827,3164
082081,61,570,631
082082,58,853,911
083001,113,1679,1792
083002,83,611,694
083003,234,2152,2386
083004,83,753,836
083005,4409,35854,40263
083006,33,521,554
083007,607,5170,5777
083008,308,2538,2846
083009,1221,11936,13157
083010,449,3905,4354
083011,295,2809,3104
083012,58,689,747
083013,98,1088,1186
083014,241,2682,2923
083015,105,984,1089
083016,181,2059,2240
083017,190,1977,2167
083018,37,410,447
083019,257,2460,2717
083020,79,1259,1338
083021,160,1156,1316
083022,22,419,441
083023,44,939,983
083024,90,778,868
083025,342,3277,3619
083026,43,551,594
083027,297,2888,3185
083028,380,3483,3863
083029,362,2754,3116
083030,148,2225,2373
083031,25,319,344
083032,770,8377,9147
083033,602,6242,6844
083034,139,1307,1446
083035,153,1471,1624
083036,138,1370,1508
083037,64,620,684
083038,267,2455,2722
083039,137,1472,1609
083040,46,681,727
083041,1158,11176,12334
083042,112,1247,1359
083043,102,874,976
083044,41,609,650
083045,47,511,558
083046,135,1276,1411
083047,304,2042,2346
083048,21661,203885,225546
083049,2659,27225,29884
083050,100,1121,1221
083051,71,840,911
083052,386,4123,4509
083053,46,629,675
083054,210,2371,2581
083055,30,513,543
083056,126,1324,1450
083057,139,1915,2054
083058,76,718,794
083059,31,633,664
083060,266,3290,3556
083061,304,3235,3539
083062,86,1120,1206
083063,174,1888,2062
083064,653,5499,6152
083065,104,1010,1114
083066,1243,11599,12842
083067,99,1161,1260
083068,374,3458,3832
083069,46,849,895
083070,61,658,719
083071,9,172,181
083072,325,3607,3932
083073,77,931,1008
083074,39,541,580
083075,156,1812,1968
083076,583,5846,6429
083077,723,6047,6770
083078,274,3105,3379
083079,153,1665,1818
083080,210,2428,2638
083081,195,2462,2657
083082,97,1083,1180
083083,57,812,869
083084,985,11205,12190
083085,132,1355,1487
083086,459,4046,4505
083087,60,783,843
083088,241,2642,2883
083089,869,8545,9414
083090,114,1164,1278
083091,416,4073,4489
083092,304,3422,3726
083093,181,1512,1693
083094,143,1773,1916
083095,227,2325,2552
083096,407,4386,4793
083097,924,9590,10514
083098,746,6469,7215
083099,577,5375,5952
083100,60,706,766
083101,175,2528,2703
083102,62,875,937
083103,119,1179,1298
083104,397,3543,3940
083105,723,7513,8236
083106,833,6390,7223
083107,533,4960,5493
083108,464,4031,4495
084001,5240,50805,56045
084002,198,2430,2628
084003,831,8182,9013
084004,234,3115,3349
084005,207,2365,2572
084006,101,1123,1224
084007,244,3097,3341
084008,154,1806,1960
084009,604,5377,5981
084010,938,8375,9313
084011,4095,30895,34990
084012,623,6905,7528
084013,295,2390,2685
084014,282,3115,3397
084015,257,2996,3253
084016,84,800,884
084017,3534,28912,32446
084018,516,4836,5352
084019,101,1019,1120
084020,626,5747,6373
084021,3390,31799,35189
084022,210,1530,1740
084023,1123,10886,12009
084024,237,2167,2404
084025,250,2528,2778
084026,601,6554,7155
084027,2477,18884,21361
084028,1575,14243,15818
084029,752,6942,7694
084030,1264,11105,12369
084031,1127,9735,10862
084032,445,3939,4384
084033,1711,16242,17953
084034,511,5034,5545
084035,239,2738,2977
084036,789,6925,7714
084037,193,1986,2179
084038,555,5632,6187
084039,99,1092,1191
084040,297,3940,4237
084041,3915,35163,39078
084042,374,3836,4210
084043,144,1215,1359
085001,65,816,881
085002,34,478,512
085003,382,3902,4284
085004,5766,53659,59425
085005,187,2594,2781
085006,378,3564,3942
085007,7781,63754,71535
085008,130,1545,1675
085009,1017,10169,11186
085010,182,2617,2799
085011,106,1332,1438
085012,942,9169,10111
085013,2865,22738,25603
085014,144,1679,1823
085015,1218,9636,10854
085016,2154,18658,20812
085017,419,4485,4904
085018,498,5203,5701
085019,626,5944,6570
085020,88,1152,1240
085021,313,2925,3238
085022,133,1356,1489
086001,800,6999,7799
086002,340,4147,4487
086003,424,4482,4906
086004,1207,10740,11947
086005,379,3779,4158
086006,487,4091,4578
086007,472,4711,5183
086008,154,1712,1866
086009,2243,23787,26030
086010,279,3134,3413
086011,1270,11409,12679
086012,1118,11936,13054
086013,292,2592,2884
086014,1919,18923,20842
086015,654,5818,6472
086016,664,6150,6814
086017,37,647,684
086018,772,8006,8778
086019,723,6438,7161
086020,395,4053,4448
087001,415,3145,3560
087002,1642,15976,17618
087003,3240,24380,27620
087004,5031,45713,50744
087005,2192,15690,17882
087006,4296,29492,33788
087007,3618,23880,27498
087008,2961,19977,22938
087009,1909,16520,18429
087010,500,4647,5147
087011,3550,32208,35758
087012,841,4264,5105
087013,426,3947,4373
087014,290,2717,3007
087015,31647,262651,294298
087016,893,8226,9119
087017,2599,23989,26588
087018,1378,11395,12773
087019,2598,22518,25116
087020,281,2681,2962
087021,483,4611,5094
087022,371,3289,3660
087023,1513,12382,13895
087024,3812,27107,30919
087025,627,6287,6914
087026,93,943,1036
087027,404,4219,4623
087028,366,3920,4286
087029,6691,42599,49290
087030,1623,10564,12187
087031,790,6633,7423
087032,2069,14012,16081
087033,5386,40370,45756
087034,1827,12811,14638
087035,385,3630,4015
087036,332,2579,2911
087037,1214,9184,10398
087038,956,9496,10452
087039,1374,12627,14001
087040,261,2265,2526
087041,2572,20274,22846
087042,1181,10181,11362
087043,246,2816,3062
087044,1195,6836,8031
087045,875,8408,9283
087046,151,1381,1532
087047,949,6459,7408
087048,862,7499,8361
087049,1650,14584,16234
087050,1335,9795,11130
087051,1981,17781,19762
087052,910,6906,7816
087053,990,7614,8604
087054,551,5253,5804
087055,1063,8386,9449
087056,487,3425,3912
087057,481,3174,3655
087058,474,3612,4086
088001,1337,9608,10945
088002,754,7205,7959
088003,3373,26829,30202
088004,218,2609,2827
088005,1652,14538,16190
088006,5811,47827,53638
088007,211,2604,2815
088008,2218,16839,19057
088009,7097,64184,71281
088010,1183,9606,10789
088011,3006,23970,26976
088012,7624,54647,62271
089001,3191,31299,34490
089002,3164,27328,30492
089003,124,1707,1831
089004,67,908,975
089005,612,6031,6643
089006,1636,15228,16864
089007,46,680,726
089008,218,2153,2371
089009,2331,18807,21138
089010,1297,10550,11847
089011,2054,19865,21919
089012,1467,11878,13345
089013,2555,21187,23742
089014,2415,19307,21722
089015,709,7614,8323
089016,2357,18310,20667
089017,11997,106096,118093
089018,851,6766,7617
089019,757,7567,8324
089020,410,3404,3814
089021,1219,10289,11508
090001,88,1330,1418
090002,181,1631,1812
090003,3183,39112,42295
090004,41,548,589
090005,68,686,754
090006,1326,12126,13452
090007,38,498,536
090008,136,1622,1758
090009,207,2441,2648
090010,25,374,399
090011,69,885,954
090012,325,3088,3413
090013,223,3050,3273
090014,64,672,736
090015,12,257,269
090016,54,600,654
090017,435,3269,3704
090018,46,807,853
090019,30,437,467
090020,70,786,856
090021,287,3639,3926
090022,64,537,601
090023,445,5351,5796
090024,24,384,408
090025,106,1447,1553
090026,110,1188,1298
090027,47,724,771
090028,24,354,378
090029,122,1371,1493
090030,30,470,500
090031,46,734,780
090032,36,446,482
090033,743,7548,8291
090034,50,822,872
090035,842,9983,10825
090036,172,1681,1853
090037,225,2250,2475
090038,30,502,532
090039,31,446,477
090040,6,101,107
090041,246,2127,2373
090042,154,1670,1824
090043,92,738,830
090044,47,715,762
090045,113,1213,1326
090046,270,2417,2687
090047,6484,54007,60491
090048,404,3802,4206
090049,225,2894,3119
090050,199,2689,2888
090051,464,5149,5613
090052,824,9447,10271
090053,42,580,622
090054,371,3732,4103
090055,261,2695,2956
090056,221,2081,2302
090057,422,3993,4415
090058,1938,19505,21443
090059,178,2299,2477
090060,58,651,709
090061,29,476,505
090062,76,1119,1195
090063,372,4728,5100
090064,10307,113804,124111
090065,102,1199,1301
090066,2,127,129
090067,606,6437,7043
090068,66,741,807
090069,1296,13125,14421
090070,1030,12447,13477
090071,242,2600,2842
090072,238,2114,2352
090073,77,836,913
090074,152,2113,2265
090075,146,1339,1485
090076,262,2613,2875
090077,440,3844,4284
090078,166,2012,2178
090079,332,3957,4289
090080,242,2007,2249
090081,149,1702,1851
090082,118,1543,1661
090083,202,2209,2411
090084,353,3263,3616
090085,130,1324,1454
090086,47,556,603
090087,94,1232,1326
090088,45,660,705
090089,106,1459,1565
090090,177,1891,2068
090091,455,4807,5262
090092,405,4629,5034
091001,88,1149,1237
091002,202,2096,2298
091003,65,992,1057
091004,48,712,760
091005,347,3526,3873
091006,321,3201,3522
091007,42,539,581
091008,39,469,508
091009,222,2466,2688
091010,160,2344,2504
091011,189,1837,2026
091012,64,1188,1252
091016,165,2027,2192
091017,883,7519,8402
091018,38,551,589
091019,51,510,561
091024,361,3385,3746
091025,40,690,730
091026,112,1222,1334
091027,259,2157,2416
091028,218,2327,2545
091031,154,1144,1298
091032,182,1864,2046
091033,219,2038,2257
091035,352,2776,3128
091037,449,4697,5146
091038,14,460,474
091039,136,1148,1284
091040,56,449,505
091041,73,1504,1577
091042,180,1959,2139
091043,76,1212,1288
091044,715,8965,9680
091046,285,2147,2432
091047,105,1556,1661
091050,18,279,297
091051,2788,31748,34536
091055,571,6165,6736
091056,90,1134,1224
091057,49,744,793
091058,28,343,371
091059,68,642,710
091060,93,796,889
091061,220,2539,2759
091062,363,3695,4058
091063,684,6243,6927
091064,177,1754,1931
091066,56,1024,1080
091067,162,2055,2217
091068,24,194,218
091069,51,682,733
091070,180,2066,2246
091071,155,1388,1543
091072,112,1659,1771
091073,302,2755,3057
091077,125,1511,1636
091083,175,1873,2048
091084,139,1502,1641
091085,1144,10281,11425
091086,116,1455,1571
091088,115,859,974
091089,385,3499,3884
091090,41,572,613
091091,24,430,454
091093,115,1744,1859
091094,276,2465,2741
091095,1016,9771,10787
091097,103,981,1084
091098,120,1279,1399
091099,79,1099,1178
091100,23,469,492
091101,228,2817,3045
091103,210,1766,1976
091104,25,287,312
092003,2458,23663,26121
092009,10699,138775,149474
092011,2021,20414,22435
092015,802,7461,8263
092037,786,7123,7909
092050,587,6530,7117
092051,5643,62180,67823
092066,418,4752,5170
092068,2403,26228,28631
092074,2247,18590,20837
092075,750,6087,6837
092080,1705,15295,17000
092090,979,7737,8716
092099,238,1924,2162
092105,1237,11847,13084
092108,837,8412,9249
092109,1460,17829,19289
093001,19,249,268
093002,145,1157,1302
093004,757,7924,8681
093005,1800,13757,15557
093006,14,223,237
093007,995,8233,9228
093008,249,2270,2519
093009,590,5740,6330
093010,845,7376,8221
093011,46,776,822
093012,137,1347,1484
093013,550,4583,5133
093014,20,330,350
093015,49,834,883
093016,16,373,389
093017,1582,16144,17726
093018,269,2432,2701
093019,26,344,370
093020,144,1351,1495
093021,1292,10387,11679
093022,1584,11036,12620
093024,29,539,568
093025,1232,10354,11586
093026,106,1428,1534
093027,377,3891,4268
093028,250,2455,2705
093029,827,6823,7650
093030,147,1350,1497
093031,271,2828,3099
093032,1388,13611,14999
093033,4933,46635,51568
093034,977,7419,8396
093035,428,2974,3402
093036,581,5344,5925
093037,1987,17855,19842
093038,399,4073,4472
093039,110,1294,1404
093040,412,3752,4164
093041,1548,13609,15157
093042,207,1980,2187
093043,708,5640,6348
093044,1176,10785,11961
093045,3,281,284
093046,14,329,343
093047,177,1612,1789
093049,55,648,703
093050,148,1139,1287
093051,865,7487,8352
093052,205,1464,1669
093053,350,3554,3904
094001,29,366,395
094002,384,4499,4883
094003,67,599,666
094004,52,628,680
094005,60,673,733
094006,41,786,827
094007,96,1182,1278
094008,81,983,1064
094009,30,282,312
094010,139,1459,1598
094011,3,147,150
094012,27,446,473
094013,1,102,103
094014,66,1125,1191
094015,10,189,199
094016,65,860,925
094017,110,1202,1312
094018,15,154,169
094019,33,535,568
094020,29,613,642
094021,152,1677,1829
094022,274,2648,2922
094023,1992,18980,20972
094024,81,574,655
094025,134,926,1060
094026,117,1561,1678
094027,85,878,963
094028,216,2116,2332
094029,31,471,502
094030,157,1910,2067
094031,159,1431,1590
094032,68,755,823
094033,18,225,243
094034,36,408,444
094035,20,628,648
094036,17,290,307
094037,37,563,600
094038,210,1980,2190
094039,76,968,1044
094040,46,844,890
094041,31,480,511
094042,86,1004,1090
094043,21,418,439
094044,155,1218,1373
094045,51,629,680
094046,25,327,352
094047,20,252,272
094048,28,573,601
094049,29,657,686
094050,204,2003,2207
094051,31,612,643
094052,1106,10031,11137
095001,235,2321,2556
095002,32,377,409
095003,14,228,242
095004,73,1272,1345
095005,17,328,345
095006,320,3506,3826
095007,42,763,805
095008,23,332,355
095009,19,297,316
095010,6,74,80
095011,88,1142,1230
095012,33,540,573
095013,47,606,653
095014,7,127,134
095015,158,1379,1537
095016,11,149,160
095017,66,1147,1213
095018,759,8198,8957
095019,163,2361,2524
095020,47,814,861
095021,339,4023,4362
095022,19,436,455
095023,40,683,723
095024,56,772,828
095025,359,4285,4644
095026,64,963,1027
095027,128,1373,1501
095028,36,379,415
095029,270,3734,4004
095030,32,641,673
095031,146,1544,1690
095032,36,600,636
095033,99,1085,1184
095034,28,430,458
095035,153,1559,1712
095036,17,312,329
095037,79,1075,1154
095038,2145,28238,30383
095039,154,1341,1495
095040,17,271,288
095041,170,1960,2130
095042,16,213,229
095043,153,1934,2087
095044,40,581,621
095045,205,2683,2888
095046,212,2307,2519
095047,371,4319,4690
095048,11,326,337
095049,193,2080,2273
095050,162,2260,2422
095051,112,1354,1466
095052,163,1879,2042
095053,144,1566,1710
095054,20,409,429
095055,10,149,159
095056,60,829,889
095057,44,738,782
095058,13,284,297
095059,147,2010,2157
095060,24,458,482
095061,19,206,225
095062,196,2105,2301
095063,21,329,350
095064,8,136,144
095065,824,9110,9934
095066,65,873,938
095067,70,1054,1124
095068,31,460,491
095069,213,2566,2779
095070,43,685,728
095071,20,281,301
095072,99,1426,1525
095073,12,282,294
095074,107,1043,1150
095075,75,934,1009
095076,29,322,351
095077,25,286,311
095078,10,110,120
095079,622,7047,7669
095080,36,401,437
095082,87,1625,1712
095083,31,551,582
095084,9,145,154
095085,33,411,444
095086,29,168,197
095087,67,958,1025
095088,11,229,240
096001,27,291,318
096002,205,2792,2997
096003,109,1024,1133
096004,3484,40179,43663
096005,69,822,891
096006,85,786,871
096007,151,1829,1980
096008,13,128,141
096009,21,287,308
096010,80,1042,1122
096012,584,6715,7299
096013,15,171,186
096014,27,365,392
096015,72,717,789
096016,322,3207,3529
096018,275,2536,2811
096019,105,1568,1673
096020,1128,13021,14149
096021,105,1319,1424
096023,38,416,454
096024,50,662,712
096025,54,485,539
096026,291,3386,3677
096027,10,99,109
096028,117,1379,1496
096030,13,363,376
096031,49,475,524
096032,143,1796,1939
096033,30,464,494
096034,56,507,563
096035,291,3389,3680
096037,125,1200,1325
096038,41,544,585
096039,50,878,928
096040,309,3471,3780
096041,185,2462,2647
096042,95,1389,1484
096043,25,450,475
096044,8,170,178
096046,148,1891,2039
096047,322,3445,3767
096048,63,1073,1136
096049,137,2171,2308
096050,154,1863,2017
096053,122,1316,1438
096054,60,793,853
096055,4,100,104
096056,111,1438,1549
096057,51,509,560
096058,173,1711,1884
096059,191,2412,2603
096063,124,1214,1338
096064,59,693,752
096065,74,943,1017
096066,76,861,937
096067,17,254,271
096068,216,2207,2423
096069,24,184,208
096071,190,2201,2391
096072,21,185,206
096074,52,853,905
096075,46,433,479
096076,120,1111,1231
096077,617,7068,7685
096078,10,317,327
096079,16,175,191
096080,119,1271,1390
096081,35,357,392
096082,75,1058,1133
096083,81,906,987
096085,206,2456,2662
096086,38,468,506
096087,211,1808,2019
096088,749,9740,10489
097001,290,2900,3190
097002,264,2518,2782
097003,247,2036,2283
097004,488,3649,4137
097005,247,2117,2364
097006,476,4515,4991
097007,110,1162,1272
097008,294,3162,3456
097009,343,2968,3311
097010,403,4059,4462
097011,333,2540,2873
097012,615,4798,5413
097013,1292,12288,13580
097014,118,1266,1384
097015,75,766,841
097016,1385,11569,12954
097017,507,3866,4373
097018,48,474,522
097019,282,2323,2605
097020,351,3410,3761
097021,262,2102,2364
097022,350,3415,3765
097023,848,7103,7951
097024,171,1560,1731
097025,92,1068,1160
097026,579,4185,4764
097027,29,246,275
097028,158,1533,1691
097029,150,1499,1649
097030,226,2363,2589
097031,291,2240,2531
097032,18,303,321
097033,102,1118,1220
097034,47,647,694
097035,90,675,765
097036,806,7648,8454
097037,293,2216,2509
097038,279,2396,2675
097039,246,2236,2482
097040,206,1738,1944
097042,4300,43115,47415
097043,197,1926,2123
097044,617,4433,5050
097045,437,3822,4259
097046,796,9278,10074
097047,34,346,380
097048,1404,12976,14380
097049,955,7733,8688
097050,35,429,464
097051,394,3148,3542
097052,167,1708,1875
097053,289,2405,2694
097054,377,3706,4083
097055,2,27,29
097056,414,3204,3618
097057,1028,7942,8970
097058,713,5635,6348
097059,698,6255,6953
097060,90,1142,1232
097061,481,4263,4744
097062,426,3419,3845
097063,13,311,324
097064,5,126,131
097065,211,1701,1912
097067,64,812,876
097068,229,1965,2194
097069,231,1951,2182
097070,292,1965,2257
097071,725,5479,6204
097072,316,2760,3076
097074,227,1913,2140
097075,253,2075,2328
097076,282,2529,2811
097077,9,137,146
097078,209,1560,1769
097079,53,485,538
097082,356,3046,3402
097083,1123,10115,11238
097084,64,673,737
097086,241,2514,2755
097090,236,1863,2099
097091,584,4905,5489
097092,471,4158,4629
097093,31,471,502
098001,22,261,283
098002,107,943,1050
098003,213,1509,1722
098004,473,3832,4305
098005,305,2114,2419
098006,255,2396,2651
098008,369,2571,2940
098009,382,2790,3172
098010,1573,13485,15058
098011,113,1402,1515
098012,376,2608,2984
098013,121,1412,1533
098014,377,4104,4481
098015,386,2476,2862
098017,202,1906,2108
098018,268,1905,2173
098019,1544,13696,15240
098020,283,1954,2237
098021,263,2591,2854
098022,110,1003,1113
098023,14,187,201
098024,145,1389,1534
098025,270,1931,2201
098026,242,2019,2261
098027,160,1129,1289
098028,259,2319,2578
098029,262,2358,2620
098030,238,2170,2408
098031,4360,40214,44574
098032,844,6573,7417
098033,11,54,65
098034,169,1187,1356
098035,251,2754,3005
098036,216,1539,1755
098037,525,3823,4348
098038,37,406,443
098039,189,1509,1698
098040,246,1998,2244
098041,667,5155,5822
098042,208,1810,2018
098043,237,1722,1959
098044,143,1256,1399
098045,176,1520,1696
098046,248,2348,2596
098047,171,1655,1826
098048,392,3286,3678
098049,319,3013,3332
098050,1520,11823,13343
098051,189,1665,1854
098052,200,1717,1917
098053,168,1608,1776
098054,470,3375,3845
098055,439,2992,3431
098056,628,5149,5777
098057,96,815,911
098058,158,1375,1533
098059,214,1510,1724
098060,239,1602,1841
098061,922,6503,7425
098062,154,1331,1485
099001,2005,17297,19302
099002,1471,15331,16802
099003,1102,9372,10474
099004,97,1016,1113
099005,1453,12176,13629
099006,106,1234,1340
099008,229,1993,2222
099009,91,897,988
099011,767,6356,7123
099013,3117,31542,34659
099014,14474,134214,148688
099015,297,2721,3018
099016,741,4883,5624
099017,1001,8462,9463
099018,2280,19882,22162
099020,1062,8943,10005
099021,31,344,375
099022,60,724,784
099023,632,6397,7029
099024,194,2451,2645
099025,310,2544,2854
099026,137,1919,2056
099027,99,974,1073
099028,590,4591,5181
099029,851,6018,6869
100001,267,2813,3080
100002,1541,13173,14714
100003,1990,16811,18801
100004,1064,8787,9851
100005,20389,173179,193568
100006,858,9108,9966
100007,520,5547,6067
101001,192,1889,2081
101002,153,1430,1583
101003,20,502,522
101004,217,2226,2443
101005,61,829,890
101006,68,985,1053
101007,233,2312,2545
101008,1667,12610,14277
101009,604,4787,5391
101010,6534,53578,60112
101011,276,2618,2894
101012,1039,8788,9827
101013,2466,15197,17663
101014,362,2949,3311
101015,738,5325,6063
101016,57,983,1040
101017,1036,7779,8815
101018,310,2845,3155
101019,642,4832,5474
101020,199,1812,2011
101021,39,686,725
101022,208,1745,1953
101023,64,1018,1082
101024,302,2622,2924
101025,699,5632,6331
101026,66,694,760
101027,152,1540,1692
102001,161,1784,1945
102002,87,1192,1279
102003,369,3800,4169
102004,57,615,672
102005,74,891,965
102006,279,2807,3086
102007,134,974,1108
102008,165,1753,1918
102009,149,1893,2042
102010,183,1844,2027
102011,463,4544,5007
102012,203,1577,1780
102013,137,1211,1348
102014,169,1677,1846
102015,196,1424,1620
102016,171,1791,1962
102017,685,3724,4409
102018,131,1630,1761
102019,348,2983,3331
102020,189,1854,2043
102021,632,5839,6471
102022,50,616,666
102023,120,1455,1575
102024,129,1044,1173
102025,517,5479,5996
102026,124,1138,1262
102027,867,8178,9045
102028,95,899,994
102029,56,844,900
102030,498,4481,4979
102031,501,3941,4442
102032,427,3565,3992
102033,227,1885,2112
102034,344,2245,2589
102035,112,1133,1245
102036,324,2553,2877
102037,704,5752,6456
102038,93,831,924
102039,135,1001,1136
102040,294,1996,2290
102041,81,714,795
102042,105,1321,1426
102043,260,2097,2357
102044,481,5570,6051
102045,87,647,734
102046,95,867,962
102047,3070,28027,31097
102048,56,641,697
102049,207,1555,1762
102050,185,1717,1902
103001,25,372,397
103002,28,366,394
103003,157,1803,1960
103004,14,227,241
103005,3,102,105
103006,72,809,881
103007,31,423,454
103008,430,4418,4848
103009,68,696,764
103010,22,469,491
103011,128,1304,1432
103012,10,179,189
103013,72,671,743
103014,30,538,568
103015,147,1425,1572
103016,43,838,881
103017,463,4635,5098
103018,4,167,171
103019,295,3130,3425
103021,11,291,302
103022,46,542,588
103023,69,582,651
103024,71,683,754
103025,418,4079,4497
103026,112,1296,1408
103028,1481,16449,17930
103029,132,929,1061
103031,29,416,445
103032,11,171,182
103033,169,2154,2323
103034,106,974,1080
103035,754,6891,7645
103036,11,174,185
103037,13,94,107
103038,13,206,219
103039,32,500,532
103040,19,373,392
103041,107,1257,1364
103042,136,1322,1458
103043,8,112,120
103044,179,1962,2141
103045,19,348,367
103046,117,1136,1253
103047,20,360,380
103048,73,776,849
103049,74,779,853
103050,1200,13250,14450
103051,347,3030,3377
103052,97,1019,1116
103053,114,1369,1483
103054,210,2283,2493
103055,55,713,768
103056,46,499,545
103057,115,1758,1873
103058,17,235,252
103059,25,340,365
103060,66,616,682
103061,90,1157,1247
103062,111,1178,1289
103064,317,4283,4600
103065,73,647,720
103066,39,362,401
103067,10,164,174
103068,125,1517,1642
103069,101,1101,1202
103070,25,359,384
103071,165,1788,1953
103072,2459,27645,30104
103074,112,1091,1203
103075,497,5765,6262
103076,26,240,266
103077,113,1629,1742
103078,18,278,296
103079,20,456,476
108001,1644,13545,15189
108002,200,1880,2080
108003,630,5798,6428
108004,1764,16069,17833
108005,716,6170,6886
108006,758,6526,7284
108007,1296,9962,11258
108008,1408,14061,15469
108009,1145,10956,12101
108010,1799,15093,16892
108011,617,5447,6064
108012,3600,31188,34788
108013,398,3864,4262
108014,212,1938,2150
108015,1748,15814,17562
108016,739,6766,7505
108017,894,6475,7369
108018,717,5888,6605
108019,4105,33906,38011
108020,862,7584,8446
108021,1677,13966,15643
108022,399,2634,3033
108023,4561,37093,41654
108024,2908,23022,25930
108025,752,7000,7752
108026,920,7583,8503
108027,3759,30308,34067
108028,5385,40613,45998
108029,770,6629,7399
108030,2233,20636,22869
108031,508,3903,4411
108032,638,4906,5544
108033,12303,111680,123983
108034,2441,21170,23611
108035,2409,20883,23292
108036,608,4574,5182
108037,412,3647,4059
108038,345,3173,3518
108039,4662,40080,44742
108040,2668,20567,23235
108041,859,7414,8273
108042,505,3885,4390
108043,950,7690,8640
108044,1107,9300,10407
108045,1439,12063,13502
108046,661,6786,7447
108047,408,3856,4264
108048,935,8131,9066
108049,1332,12631,13963
108050,2493,23340,25833
108051,795,5914,6709
108052,555,4531,5086
108053,1165,9445,10610
108054,1662,14210,15872
108055,729,4023,4752
109001,414,3095,3509
109002,237,3130,3367
109003,50,550,600
109004,174,1724,1898
109005,270,2918,3188
109006,3174,33212,36386
109007,73,887,960
109008,301,2925,3226
109009,88,1078,1166
109010,146,1285,1431
109011,84,809,893
109012,59,569,628
109013,129,1498,1627
109014,27,353,380
109015,73,1021,1094
109016,61,696,757
109017,605,5930,6535
109018,1249,11385,12634
109019,18,347,365
109020,48,668,716
109021,14,314,328
109022,185,1923,2108
109023,209,2119,2328
109024,799,7212,8011
109025,29,368,397
109026,58,620,678
109027,72,820,892
109028,38,509,547
109029,61,667,728
109030,292,2520,2812
109031,148,2071,2219
109032,165,1487,1652
109033,1419,14519,15938
109034,2585,23065,25650
109035,204,1733,1937
109036,96,1160,1256
109037,1655,15242,16897
109038,167,2074,2241
109039,25,306,331
109040,171,1767,1938
110001,10705,87237,97942
110002,9581,83346,92927
110003,5702,48692,54394
110004,2615,25955,28570
110005,971,10332,11303
110006,691,7718,8409
110007,1513,12289,13802
110008,537,5609,6146
110009,5436,49739,55175
110010,1681,12336,14017
111001,400,5486,5886
111002,21,415,436
111003,51,683,734
111004,113,1001,1114
111005,86,1115,1201
111006,78,969,1047
111007,250,2462,2712
111008,237,2585,2822
111009,1813,24659,26472
111010,404,5556,5960
111011,141,1522,1663
111012,48,743,791
111013,426,3843,4269
111014,959,8636,9595
111015,117,1508,1625
111016,438,5555,5993
111017,166,1811,1977
111018,185,1920,2105
111019,34,511,545
111020,34,543,577
111021,169,2615,2784
111022,115,1439,1554
111023,45,746,791
111024,20,290,310
111025,82,1081,1163
111026,46,751,797
111027,101,1096,1197
111028,132,1799,1931
111029,27,439,466
111030,367,4434,4801
111031,529,5801,6330
111032,82,860,942
111033,199,2385,2584
111034,907,10478,11385
111035,1832,23770,25602
111036,181,2343,2524
111037,13,206,219
111038,107,1548,1655
111039,173,1898,2071
111040,68,1185,1253
111041,420,4142,4562
111042,388,4832,5220
111043,126,1395,1521
111044,226,2918,3144
111045,55,798,853
111046,61,1127,1188
111047,183,2248,2431
111048,180,1903,2083
111049,80,1393,1473
111050,148,1940,2088
111051,78,793,871
111052,153,2447,2600
111053,35,540,575
111054,96,1256,1352
111055,104,1044,1148
111056,69,753,822
111057,373,4533,4906
111058,68,846,914
111059,366,4564,4930
111060,122,1436,1558
111061,111,1061,1172
111062,613,7611,8224
111063,449,5256,5705
111064,53,678,731
111065,884,7500,8384
111066,261,3243,3504
111067,650,7658,8308
111068,226,3038,3264
111069,144,1557,1701
111070,204,2487,2691
111071,786,10028,10814
111072,325,3601,3926
111073,76,1047,1123
111074,101,1225,1326
111075,420,4362,4782
111076,282,2410,2692
111077,706,8009,8715
111078,386,4286,4672
111079,37,587,624
111080,10,127,137
111081,82,1140,1222
111082,63,731,794
111083,25,588,613
111084,276,3398,3674
111085,69,1044,1113
111086,171,1714,1885
111087,160,1690,1850
111088,94,1011,1105
111089,196,3188,3384
111090,64,955,1019
111091,56,910,966
111092,26,375,401
111093,350,3708,4058
111094,23,477,500
111095,131,1722,1853
111096,1233,12073,13306
111097,205,2317,2522
111098,244,3236,3480
111099,82,959,1041
111100,41,624,665
111101,68,1151,1219
111102,80,952,1032
111103,297,4273,4570
111104,60,934,994
111105,302,3388,3690
111106,560,6169,6729
111107,293,2284,2577
