pro_com_t,<5,>=5,totale
001001,87,2458,2545
001002,139,3494,3633
001003,13,446,459
001004,57,1581,1638
001006,217,6138,6355
001007,2,233,235
001008,465,16019,16484
001009,87,1926,2013
001010,13,475,488
001011,20,818,838
001012,38,1042,1080
001013,402,11949,12351
001014,41,1194,1235
001015,29,758,787
001016,104,2960,3064
001017,19,514,533
001018,110,3561,3671
001019,0,110,110
001020,99,3013,3112
001021,50,1535,1585
001022,94,2984,3078
001023,13,546,559
001024,584,16948,17532
001025,113,3279,3392
001026,19,518,537
001027,63,2034,2097
001028,455,11318,11773
001029,29,563,592
001030,109,3481,3590
001031,24,748,772
001032,86,2101,2187
001033,123,2951,3074
001034,391,8407,8798
001035,184,4380,4564
001036,10,392,402
001037,10,439,449
001038,286,8189,8475
001039,44,1438,1482
001040,51,1436,1487
001041,47,1282,1329
001042,30,1104,1134
001043,71,1551,1622
001044,172,5531,5703
001045,220,6072,6292
001046,84,3250,3334
001047,244,7100,7344
001048,182,5733,5915
001049,58,1275,1333
001050,40,1179,1219
001051,229,5398,5627
001052,8,269,277
001053,81,2493,2574
001054,16,572,588
001055,74,1983,2057
001056,24,877,901
001057,30,709,739
001058,315,8736,9051
001059,1198,27201,28399
001060,49,1813,1862
001061,54,1478,1532
001062,107,2898,3005
001063,552,13197,13749
001064,47,1708,1755
001065,80,2085,2165
001066,350,9317,9667
001067,11,405,416
001068,233,6213,6446
001069,80,2157,2237
001070,201,5184,5385
001071,55,1706,1761
001072,21,1011,1032
001073,4,163,167
001074,21,892,913
001075,7,346,353
001076,43,1526,1569
001077,55,1966,2021
001078,1255,34746,36001
001079,14,219,233
001080,20,840,860
001081,50,1515,1565
001082,991,25506,26497
001083,10,350,360
001084,13,229,242
001085,2,319,321
001086,591,17670,18261
001087,9,193,202
001088,46,1403,1449
001089,83,3088,3171
001090,1675,47072,48747
001091,14,298,312
001092,22,569,591
001093,133,4294,4427
001094,101,2981,3082
001095,8,435,443
001096,31,906,937
001097,269,7518,7787
001098,319,9094,9413
001099,329,8493,8822
001100,3,241,244
001101,214,4908,5122
001102,96,2082,2178
001103,11,472,483
001104,72,2568,2640
001105,11,740,751
001106,86,2169,2255
001107,124,3147,3271
001108,6,268,274
001109,44,1583,1627
001110,80,2761,2841
001111,22,522,544
001112,348,9041,9389
001113,25,1092,1117
001114,16,578,594
001115,453,15715,16168
001116,161,3842,4003
001117,10,655,665
001118,4,190,194
001119,22,951,973
001120,1208,35993,37201
001121,1,44,45
001122,18,671,689
001123,12,359,371
001124,10,399,409
001125,678,22161,22839
001126,53,1713,1766
001127,382,8401,8783
001128,139,4739,4878
001129,39,1383,1422
001130,721,15588,16309
001131,8,177,185
001132,42,1753,1795
001133,20,409,429
001134,22,1360,1382
001135,43,1626,1669
001136,49,1017,1066
001137,37,1112,1149
001139,203,6893,7096
001140,20,472,492
001141,19,528,547
001142,34,1117,1151
001143,12,401,413
001144,38,1268,1306
001145,1,55,56
001146,104,3691,3795
001147,24,623,647
001148,152,4017,4169
001149,14,795,809
001150,56,1227,1283
001152,19,741,760
001153,10,373,383
001154,25,614,639
001155,6,325,331
001156,2118,54201,56319
001157,1,40,41
001158,18,705,723
001159,23,962,985
001160,101,3248,3349
001161,174,4945,5119
001162,30,812,842
001163,30,822,852
001164,1668,44844,46512
001165,0,107,107
001166,243,6527,6770
001167,9,282,291
001168,299,7550,7849
001169,16,510,526
001170,54,1399,1453
001171,848,22213,23061
001172,22,742,764
001173,49,1124,1173
001174,29,900,929
001175,112,3152,3264
001176,38,1149,1187
001177,27,815,842
001178,72,1933,2005
001179,8,411,419
001180,37,1087,1124
001181,108,3572,3680
001183,132,3860,3992
001184,106,3027,3133
001185,16,505,521
001186,8,592,600
001187,24,723,747
001188,15,614,629
001189,589,14857,15446
001190,91,2752,2843
001191,1291,34189,35480
001192,229,8052,8281
001193,154,3669,3823
001194,679,17423,18102
001195,140,3195,3335
001196,41,1292,1333
001197,413,9789,10202
001198,33,937,970
001199,101,3015,3116
001200,45,1031,1076
001201,29,733,762
001202,10,242,252
001203,86,1805,1891
001204,4,219,223
001205,36,1214,1250
001206,22,716,738
001207,14,446,460
001208,6,321,327
001209,5,333,338
001210,33,964,997
001211,58,1705,1763
001212,0,48,48
001213,33,1091,1124
001214,776,19351,20127
001215,188,4546,4734
001216,99,2428,2527
001217,475,11827,12302
001218,36,1506,1542
001219,1498,46309,47807
001220,113,2929,3042
001221,50,1614,1664
001222,71,1891,1962
001223,87,2519,2606
001224,9,287,296
001225,72,1795,1867
001226,5,223,228
001227,23,766,789
001228,189,4855,5044
001229,65,2287,2352
001230,19,758,777
001231,61,1748,1809
001232,27,582,609
001233,12,450,462
001234,1,74,75
001235,35,1466,1501
001236,246,5709,5955
001237,122,3858,3980
001238,5,357,362
001239,10,502,512
001240,186,4653,4839
001241,121,3562,3683
001242,57,1650,1707
001243,121,3052,3173
001244,86,2434,2520
001245,32,946,978
001246,108,3139,3247
001247,22,789,811
001248,375,9769,10144
001249,552,18037,18589
001250,56,1383,1439
001251,6,251,257
001252,87,3011,3098
001253,60,1795,1855
001254,134,3481,3615
001255,157,4440,4597
001256,130,3930,4060
001257,422,10134,10556
001258,8,242,250
001259,28,1053,1081
001260,129,3097,3226
001261,23,783,806
001262,46,1386,1432
001263,23,899,922
001264,10,457,467
001265,1537,44811,46348
001266,58,1455,1513
001267,31,902,933
001268,5,261,266
001269,197,5895,6092
001270,175,5817,5992
001271,19,755,774
001272,30690,827515,858205
001273,120,2854,2974
001274,19,597,616
001275,157,4397,4554
001276,139,3649,3788
001278,8,315,323
001279,13,493,506
001280,363,10248,10611
001281,4,176,180
001282,5,195,200
001283,50,1348,1398
001284,145,3820,3965
001285,33,914,947
001286,36,752,788
001287,114,2877,2991
001288,4,89,93
001289,29,816,845
001290,48,1395,1443
001291,24,853,877
001292,1019,31663,32682
001293,169,4597,4766
001294,36,1304,1340
001295,16,749,765
001296,10,232,242
001298,11,484,495
001299,172,4898,5070
001300,145,4344,4489
001301,44,1150,1194
001302,121,3346,3467
001303,89,2696,2785
001304,37,959,996
001305,51,1897,1948
001306,27,1018,1045
001307,116,3772,3888
001308,149,4355,4504
001309,643,14427,15070
001310,51,1100,1151
001311,26,1163,1189
001312,13,505,518
001313,32,989,1021
001314,606,14561,15167
001315,322,8173,8495
001316,276,7078,7354
001317,30,1206,1236
001318,20,967,987
002002,34,691,725
002003,13,296,309
002004,73,2433,2506
002006,30,814,844
002007,39,1350,1389
002008,9,108,117
002009,7,213,220
002011,62,1786,1848
002014,5,155,160
002015,68,2192,2260
002016,316,11934,12250
002017,89,2139,2228
002021,27,810,837
002025,14,200,214
002029,0,73,73
002030,35,1004,1039
002031,39,1057,1096
002032,21,745,766
002033,5,218,223
002035,2,290,292
002041,0,52,52
002042,131,4152,4283
002043,5,234,239
002045,1,85,86
002047,23,725,748
002048,6,246,252
002049,232,7379,7611
002052,10,384,394
002054,47,1014,1061
002057,1,184,185
002058,25,1054,1079
002059,26,469,495
002061,220,7352,7572
002062,28,786,814
002065,8,332,340
002066,8,331,339
002067,19,490,509
002068,23,774,797
002070,12,514,526
002071,153,4030,4183
002072,25,775,800
002078,5,90,95
002079,41,1339,1380
002082,17,721,738
002088,29,754,783
002089,5,208,213
002090,28,1070,1098
002091,5,267,272
002093,40,1226,1266
002096,1,137,138
002097,5,181,186
002102,13,558,571
002104,29,690,719
002107,87,3791,3878
002108,15,380,395
002110,1,66,67
002113,3,125,128
002115,9,417,426
002116,57,2226,2283
002118,15,529,544
002121,7,176,183
002122,27,885,912
002126,9,192,201
002127,2,96,98
002128,109,3683,3792
002131,56,1418,1474
002133,260,7862,8122
002134,11,362,373
002135,13,353,366
002137,129,4588,4717
002142,42,1136,1178
002147,16,656,672
002148,218,6553,6771
002150,119,3264,3383
002152,41,1841,1882
002156,194,6737,6931
002158,1790,43635,45425
002163,4,394,398
002164,49,1468,1517
002166,7,151,158
002170,2,147,149
002171,25,916,941
003001,34,1517,1551
003002,31,853,884
003006,56,2046,2102
003008,425,13371,13796
003012,14,733,747
003016,414,9041,9455
003018,67,1261,1328
003019,21,1108,1129
003021,53,1240,1293
003022,39,1118,1157
003023,64,1903,1967
003024,775,20608,21383
003025,222,4937,5159
003026,60,2741,2801
003027,38,1049,1087
003030,80,2424,2504
003032,360,10348,10708
003036,91,2372,2463
003037,42,939,981
003039,29,876,905
003040,52,1474,1526
003041,41,831,872
003042,10,308,318
003043,363,9457,9820
003044,6,380,386
003045,45,1127,1172
003047,52,1250,1302
003049,277,6368,6645
003051,21,493,514
003052,34,1188,1222
003055,56,1563,1619
003058,97,2490,2587
003060,45,1355,1400
003062,78,2483,2561
003065,63,1914,1977
003066,80,2499,2579
003068,690,14826,15516
003069,64,1336,1400
003070,57,1693,1750
003073,104,3269,3373
003076,146,5257,5403
003077,46,1290,1336
003079,118,4189,4307
003082,136,4161,4297
003083,8,538,546
003084,60,2105,2165
003088,53,1548,1601
003090,7,217,224
003091,47,1539,1586
003093,39,1085,1124
003095,78,2322,2400
003097,42,1171,1213
003098,18,778,796
003100,73,2339,2412
003103,48,1722,1770
003104,29,771,800
003106,3908,98317,102225
003108,604,13544,14148
003109,75,2074,2149
003112,19,1260,1279
003114,72,2075,2147
003115,18,873,891
003116,37,1275,1312
003119,15,794,809
003120,37,1333,1370
003121,76,2055,2131
003122,56,1788,1844
003129,36,905,941
003130,135,3616,3751
003131,271,5324,5595
003133,97,2904,3001
003134,30,715,745
003135,84,1935,2019
003138,12,543,555
003139,46,1336,1382
003140,32,691,723
003141,37,1052,1089
003143,92,2616,2708
003144,20,443,463
003146,24,858,882
003149,950,19445,20395
003153,31,931,962
003154,172,4675,4847
003158,62,1944,2006
003159,23,845,868
003164,16,522,538
003166,159,5072,5231
004001,5,148,153
004002,3,207,210
004003,1151,30099,31250
004004,7,227,234
004005,7,132,139
004006,1,77,78
004007,1,195,196
004008,37,958,995
004009,192,5646,5838
004010,28,1021,1049
004011,29,588,617
004012,287,7210,7497
004013,27,655,682
004014,21,618,639
004015,3,206,209
004016,178,3248,3426
004017,2,95,97
004018,19,319,338
004019,157,3477,3634
004020,22,461,483
004021,0,54,54
004022,211,3996,4207
004023,5,91,96
004024,18,367,385
004025,524,11915,12439
004026,6,168,174
004027,17,625,642
004028,381,9255,9636
004029,1226,28342,29568
004030,9,289,298
004031,1,40,41
004032,3,260,263
004033,32,977,1009
004034,460,9618,10078
004035,10,568,578
004037,230,5282,5512
004038,3,76,79
004039,3,93,96
004040,271,6492,6763
004041,152,2880,3032
004042,43,1095,1138
004043,165,4148,4313
004044,7,164,171
004045,42,1361,1403
004046,76,2130,2206
004047,6,146,152
004049,67,1295,1362
004050,4,305,309
004051,28,877,905
004052,7,279,286
004053,1,58,59
004054,2,98,100
004055,34,667,701
004056,22,810,832
004057,15,448,463
004058,40,628,668
004059,242,5205,5447
004060,4,78,82
004061,292,6585,6877
004062,76,1931,2007
004063,10,400,410
004064,246,4897,5143
004065,99,2143,2242
004066,244,5348,5592
004067,438,8963,9401
004068,116,3461,3577
004069,7,178,185
004070,3,79,82
004071,28,784,812
004072,73,2047,2120
004073,78,2166,2244
004074,34,894,928
004075,146,3187,3333
004076,20,354,374
004077,6,148,154
004078,2044,53778,55822
004079,60,1835,1895
004080,164,3440,3604
004081,172,4400,4572
004082,286,6695,6981
004083,3,84,87
004084,20,757,777
004085,63,1883,1946
004086,60,1634,1694
004087,15,452,467
004088,10,287,297
004089,999,23334,24333
004090,14,729,743
004091,50,1538,1588
004092,9,255,264
004093,13,553,566
004094,15,326,341
004095,60,2842,2902
004096,116,2489,2605
004097,7,250,257
004098,1,123,124
004099,90,2170,2260
004100,97,1898,1995
004101,135,3381,3516
004102,1,63,64
004103,5,70,75
004104,42,1418,1460
004105,92,2625,2717
004106,19,433,452
004107,30,716,746
004108,22,794,816
004109,3,198,201
004110,36,1404,1440
004111,6,183,189
004112,2,44,46
004113,116,2078,2194
004114,88,2082,2170
004115,40,1219,1259
004116,160,3622,3782
004117,151,3120,3271
004118,61,1365,1426
004119,0,53,53
004120,8,205,213
004121,18,712,730
004122,14,278,292
004123,5,214,219
004124,8,255,263
004125,25,591,616
004126,55,1211,1266
004127,4,77,81
004128,64,1308,1372
004129,30,547,577
004130,941,21292,22233
004131,13,579,592
004132,70,1893,1963
004133,196,4462,4658
004134,13,527,540
004135,31,817,848
004136,32,694,726
004137,15,469,484
004138,6,208,214
004139,19,498,517
004140,63,1546,1609
004141,7,230,237
004142,122,2221,2343
004143,149,3927,4076
004144,90,1900,1990
004145,34,804,838
004146,50,892,942
004147,160,3309,3469
004148,138,3212,3350
004149,6,347,353
004150,10,346,356
004151,49,925,974
004152,38,935,973
004153,14,388,402
004154,0,85,85
004155,27,1464,1491
004156,5,79,84
004157,69,2560,2629
004158,14,557,571
004159,2,276,278
004160,7,191,198
004161,5,259,264
004162,3,105,108
004163,227,5315,5542
004164,5,313,318
004165,91,2011,2102
004166,111,2592,2703
004167,1,73,74
004168,81,1318,1399
004169,37,938,975
004170,132,3182,3314
004171,29,1082,1111
004172,4,171,175
004173,7,224,231
004174,3,168,171
004175,24,502,526
004176,84,1925,2009
004177,20,649,669
004178,5,406,411
004179,366,9363,9729
004180,167,4103,4270
004181,49,1007,1056
004182,0,108,108
004183,0,98,98
004184,2,89,91
004185,71,2112,2183
004186,11,464,475
004187,47,1478,1525
004188,0,126,126
004189,56,1515,1571
004190,58,2002,2060
004191,30,709,739
004192,89,2566,2655
004193,2,152,154
004194,36,1554,1590
004195,15,400,415
004196,32,926,958
004197,34,775,809
004198,23,336,359
004199,13,462,475
004200,1,160,161
004201,29,1176,1205
004202,34,697,731
004203,655,16816,17471
004204,3,82,85
004205,41,948,989
004206,1,152,153
004207,11,396,407
004208,135,2864,2999
004209,63,2227,2290
004210,80,1766,1846
004211,106,2241,2347
004212,124,2754,2878
004213,109,3754,3863
004214,34,1312,1346
004215,872,20559,21431
004216,4,173,177
004217,95,2057,2152
004218,21,527,548
004219,7,293,300
004220,12,468,480
004221,12,304,316
004222,246,5984,6230
004223,90,2570,2660
004224,1,97,98
004225,122,2049,2171
004226,6,159,165
004227,17,474,491
004228,26,699,725
004229,1,46,47
004230,23,751,774
004231,6,304,310
004232,114,2109,2223
004233,40,877,917
004234,23,769,792
004235,1,98,99
004237,60,1292,1352
004238,23,521,544
004239,28,1096,1124
004240,241,6222,6463
004241,101,2237,2338
004242,105,3061,3166
004243,111,2503,2614
004244,118,2760,2878
004245,234,5481,5715
004246,34,715,749
004247,54,1489,1543
004248,17,580,597
004249,3,356,359
004250,15,475,490
005001,47,1516,1563
005002,8,483,491
005003,21,943,964
005004,12,552,564
005005,2666,71399,74065
005006,6,376,382
005007,41,1047,1088
005008,4,308,312
005009,10,397,407
005010,5,292,297
005011,24,794,818
005012,81,2436,2517
005013,60,1603,1663
005014,39,1187,1226
005015,46,1125,1171
005016,8,397,405
005017,347,9865,10212
005018,36,967,1003
005019,11,310,321
005020,8,589,597
005021,21,528,549
005022,134,3539,3673
005023,43,1114,1157
005024,17,566,583
005025,91,2566,2657
005026,15,279,294
005027,2,138,140
005028,55,1746,1801
005029,15,798,813
005030,19,687,706
005031,83,2996,3079
005032,17,377,394
005033,26,680,706
005034,11,451,462
005035,9,214,223
005036,18,576,594
005037,6,360,366
005038,11,217,228
005039,6,422,428
005040,47,1174,1221
005041,13,272,285
005042,37,1348,1385
005044,9,192,201
005045,5,305,310
005046,7,266,273
005047,11,583,594
005048,11,511,522
005049,16,500,516
005050,205,5477,5682
005051,12,432,444
005052,31,1034,1065
005053,53,1476,1529
005054,7,517,524
005055,27,706,733
005056,16,526,542
005057,18,569,587
005058,86,1968,2054
005059,73,1922,1995
005060,9,310,319
005061,3,230,233
005062,5,376,381
005063,21,483,504
005064,4,194,198
005065,31,977,1008
005066,66,2047,2113
005067,35,948,983
005068,32,850,882
005069,71,2698,2769
005070,37,841,878
005071,28,829,857
005072,7,320,327
005073,27,902,929
005074,15,704,719
005075,36,1180,1216
005076,93,2214,2307
005077,29,1024,1053
005079,6,180,186
005080,363,9765,10128
005081,3,67,70
005082,13,407,420
005083,13,432,445
005084,7,534,541
005085,0,209,209
005086,16,555,571
005087,55,1900,1955
005088,4,155,159
005089,65,1486,1551
005090,12,739,751
005091,7,362,369
005092,8,459,467
005093,17,898,915
005094,11,365,376
005095,12,340,352
005096,52,1325,1377
005097,350,7726,8076
005098,1,99,100
005099,27,648,675
005100,28,964,992
005101,30,1154,1184
005103,19,510,529
005104,0,107,107
005105,4,245,249
005106,24,524,548
005107,5,151,156
005108,68,1633,1701
005109,26,756,782
005110,2,211,213
005111,9,274,283
005112,95,2270,2365
005113,21,583,604
005114,10,235,245
005115,17,840,857
005116,25,783,808
005117,85,2870,2955
005118,226,5355,5581
005119,7,363,370
005120,10,545,555
005121,37,1519,1556
006001,525,18698,19223
006002,5,292,297
006003,3229,87860,91089
006004,18,724,742
006005,18,712,730
006007,7,405,412
006008,11,347,358
006009,259,5995,6254
006010,4,253,257
006011,41,1270,1311
006012,76,1939,2015
006013,34,1541,1575
006014,14,488,502
006015,18,691,709
006016,3,155,158
006017,34,1739,1773
006018,72,1842,1914
006019,13,536,549
006020,51,1324,1375
006021,57,2208,2265
006022,28,1054,1082
006023,6,314,320
006024,10,419,429
006025,13,469,482
006026,6,461,467
006027,12,716,728
006028,4,449,453
006029,46,1749,1795
006030,36,1062,1098
006031,13,320,333
006032,13,407,420
006033,13,900,913
006034,2,86,88
006035,18,471,489
006036,18,706,724
006037,31,1136,1167
006038,7,357,364
006039,994,31647,32641
006040,33,946,979
006041,3,113,116
006043,107,2753,2860
006044,17,835,852
006045,2,83,85
006046,9,388,397
006047,152,4237,4389
006048,3,140,143
006049,43,1815,1858
006050,14,438,452
006051,32,1396,1428
006052,14,612,626
006053,137,4737,4874
006054,10,381,391
006055,6,251,257
006056,11,466,477
006057,9,382,391
006058,7,295,302
006059,33,1268,1301
006060,11,440,451
006061,22,926,948
006062,5,318,323
006063,22,969,991
006065,4,168,172
006066,2,178,180
006067,11,583,594
006068,54,2088,2142
006069,7,298,305
006070,19,483,502
006071,12,421,433
006072,13,461,474
006073,32,1339,1371
006074,13,611,624
006075,66,1819,1885
006076,68,1511,1579
006077,18,985,1003
006078,20,805,825
006079,10,608,618
006081,133,4321,4454
006082,25,658,683
006083,5,290,295
006084,6,235,241
006085,8,463,471
006086,9,293,302
006087,20,631,651
006088,14,809,823
006090,1,82,83
006091,39,1257,1296
006092,33,1216,1249
006093,5,175,180
006094,22,1190,1212
006095,52,2017,2069
006096,16,554,570
006097,21,925,946
006098,4,199,203
006099,4,193,197
006100,1,149,150
006101,17,541,558
006102,3,239,242
006103,4,239,243
006104,7,605,612
006105,4,302,306
006106,12,501,513
006107,11,275,286
006108,5,304,309
006109,28,1296,1324
006110,5,413,418
006111,20,687,707
006112,18,597,615
006113,28,1275,1303
006114,959,26724,27683
006115,48,1213,1261
006116,13,393,406
006117,7,233,240
006118,1,114,115
006119,10,398,408
006120,15,577,592
006121,328,10647,10975
006122,32,1150,1182
006123,30,1328,1358
006124,3,201,204
006125,9,511,520
006126,6,616,622
006127,41,1235,1276
006128,30,1126,1156
006129,20,854,874
006131,7,321,328
006132,105,3317,3422
006133,37,1294,1331
006134,10,540,550
006135,10,316,326
006136,17,986,1003
006137,4,297,301
006138,129,4393,4522
006139,10,468,478
006140,38,1872,1910
006141,52,1300,1352
006142,40,1484,1524
006143,19,599,618
006144,32,1329,1361
006145,5,384,389
006146,2,124,126
006147,37,1393,1430
006148,4,218,222
006149,23,1438,1461
006150,11,328,339
006151,128,3785,3913
006152,7,540,547
006153,31,1161,1192
006154,116,3939,4055
006155,12,521,533
006156,9,359,368
006157,7,377,384
006158,31,1103,1134
006159,15,498,513
006160,238,5634,5872
006161,44,1161,1205
006162,52,1822,1874
006163,42,1528,1570
006164,1,199,200
006165,15,941,956
006166,14,349,363
006167,80,2289,2369
006168,57,1849,1906
006169,39,1471,1510
006170,11,589,600
006171,28,878,906
006172,23,823,846
006173,30,1274,1304
006174,956,25757,26713
006175,6,262,268
006176,13,657,670
006177,537,17612,18149
006178,27,932,959
006179,24,921,945
006180,56,1967,2023
006181,116,2948,3064
006182,12,468,480
006183,26,858,884
006184,0,295,295
006185,62,1690,1752
006186,11,652,663
006187,32,1109,1141
006188,29,1141,1170
006189,2,132,134
006190,14,657,671
006191,67,1776,1843
006192,52,1583,1635
006193,32,1306,1338
007001,2,206,208
007002,16,530,546
007003,1106,32417,33523
007004,51,1176,1227
007005,34,818,852
007006,12,286,298
007007,63,1336,1399
007008,94,2004,2098
007009,4,108,112
007010,8,210,218
007011,36,906,942
007012,24,839,863
007013,39,697,736
007014,16,520,536
007015,34,838,872
007016,1,107,108
007017,22,678,700
007018,11,369,380
007019,81,2296,2377
007020,131,4319,4450
007021,36,1307,1343
007022,74,2660,2734
007023,73,2332,2405
007024,14,483,497
007025,9,211,220
007026,14,469,483
007027,80,1698,1778
007028,18,415,433
007029,17,420,437
007030,70,1669,1739
007031,141,3239,3380
007032,18,304,322
007033,26,778,804
007034,45,1109,1154
007035,23,623,646
007036,13,380,393
007037,45,1302,1347
007038,21,691,712
007039,3,105,108
007040,85,1922,2007
007041,36,783,819
007042,13,433,446
007043,54,1695,1749
007044,80,2017,2097
007045,113,2871,2984
007046,10,151,161
007047,9,200,209
007048,16,436,452
007049,56,1464,1520
007050,2,168,170
007051,31,767,798
007052,105,3466,3571
007053,37,959,996
007054,186,3915,4101
007055,1,82,83
007056,1,171,172
007057,45,970,1015
007058,128,3343,3471
007059,11,355,366
007060,41,1270,1311
007061,10,310,320
007062,8,186,194
007063,132,3088,3220
007064,4,329,333
007065,147,4318,4465
007066,165,4628,4793
007067,25,530,555
007068,5,187,192
007069,17,577,594
007070,2,166,168
007071,87,2186,2273
007072,36,1231,1267
007073,78,2512,2590
007074,43,1204,1247
008001,9,367,376
008002,20,623,643
008003,5,144,149
008004,2,114,116
008005,10,328,338
008006,30,1029,1059
008007,4,317,321
008008,308,9852,10160
008009,13,390,403
008010,29,793,822
008011,215,5259,5474
008012,7,247,254
008014,42,1180,1222
008015,3,260,263
008016,34,1049,1083
008017,37,1092,1129
008018,8,265,273
008019,16,569,585
008020,21,494,515
008021,37,1160,1197
008022,25,594,619
008023,3,176,179
008024,22,751,773
008025,25,664,689
008026,78,2188,2266
008027,146,5535,5681
008028,28,1038,1066
008029,85,2000,2085
008030,44,1239,1283
008031,1413,40528,41941
008032,29,656,685
008033,9,266,275
008034,2,169,171
008035,14,592,606
008037,1,121,122
008038,6,193,199
008039,86,3119,3205
008040,27,799,826
008041,16,430,446
008042,45,1270,1315
008043,18,748,766
008044,33,818,851
008045,85,2233,2318
008046,16,647,663
008047,9,469,478
008048,21,524,545
008049,9,302,311
008050,82,2718,2800
008051,14,290,304
008052,82,2901,2983
008053,44,1194,1238
008054,37,1198,1235
008055,1624,51827,53451
008056,54,2004,2058
008057,9,272,281
008058,35,970,1005
008059,512,13357,13869
008060,8,229,237
008061,8,352,360
008062,40,1219,1259
008063,219,6481,6700
008064,3,383,386
008065,803,22328,23131
008066,8,246,254
008067,21,426,447
008068,13,487,500
009001,259,10063,10322
009002,802,22947,23749
009003,125,5167,5292
009004,220,9319,9539
009005,57,1905,1962
009006,197,7100,7297
009007,16,569,585
009008,11,523,534
009009,20,738,758
009010,22,1055,1077
009011,70,2402,2472
009012,128,4424,4552
009013,50,2034,2084
009014,9,348,357
009015,411,12280,12691
009016,38,1644,1682
009017,40,1386,1426
009018,140,5155,5295
009019,20,685,705
009020,9,301,310
009021,3,129,132
009022,124,4858,4982
009023,93,3215,3308
009024,170,5205,5375
009025,74,2049,2123
009026,22,1040,1062
009027,55,1837,1892
009028,4,218,222
009029,293,11011,11304
009030,48,1254,1302
009031,20,966,986
009032,6,400,406
009033,47,1665,1712
009034,286,10580,10866
009035,26,914,940
009036,26,1032,1058
009037,1,103,104
009038,127,3120,3247
009039,12,489,501
009040,20,751,771
009041,4,169,173
009042,61,2409,2470
009043,3,208,211
009044,18,901,919
009045,57,1527,1584
009046,9,430,439
009047,26,893,919
009048,17,770,787
009049,221,8183,8404
009050,17,609,626
009051,12,828,840
009052,187,6747,6934
009053,19,539,558
009054,21,740,761
009055,40,1716,1756
009056,1815,57134,58949
009057,76,3489,3565
009058,82,2847,2929
009059,20,809,829
009060,2,176,178
009061,85,2570,2655
009062,84,2430,2514
009063,10,660,670
009064,225,7955,8180
009065,347,12350,12697
009066,8,356,364
009067,25,782,807
009068,119,2642,2761
009069,9,282,291
010001,306,10913,11219
010002,75,2431,2506
010003,79,2453,2532
010004,147,4218,4365
010005,42,1806,1848
010006,136,5058,5194
010007,132,4955,5087
010008,79,2737,2816
010009,143,6345,6488
010010,131,3574,3705
010011,234,6509,6743
010012,85,3025,3110
010013,48,1531,1579
010014,99,3580,3679
010015,913,26331,27244
010016,71,2174,2245
010017,234,8503,8737
010018,198,5474,5672
010019,12,255,267
010020,9,509,518
010021,45,1741,1786
010022,0,70,70
010023,12,422,434
010024,2,256,258
010025,17751,548659,566410
010026,0,90,90
010027,45,1381,1426
010028,404,11948,12352
010029,66,2317,2383
010030,4,413,417
010031,35,1440,1475
010032,75,3422,3497
010033,77,2549,2626
010034,45,1411,1456
010035,92,3409,3501
010036,69,2342,2411
010037,66,2564,2630
010038,3,208,211
010039,50,1945,1995
010040,87,2087,2174
010041,15,807,822
010042,19,493,512
010043,68,2407,2475
010044,8,366,374
010045,3,122,125
010046,951,28197,29148
010047,285,9157,9442
010048,19,894,913
010049,139,4053,4192
010050,2,57,59
010051,69,2537,2606
010052,8,492,500
010053,92,2501,2593
010054,231,8493,8724
010055,149,5484,5633
010056,22,993,1015
010057,88,2950,3038
010058,248,7373,7621
010059,561,17227,17788
010060,108,3902,4010
010061,6,489,495
010062,47,2151,2198
010063,19,565,584
010064,76,2059,2135
010065,17,742,759
010066,4,366,370
010067,56,2269,2325
011001,106,4164,4270
011002,333,9792,10125
011003,51,2216,2267
011004,239,7205,7444
011005,9,813,822
011006,23,863,886
011007,38,1247,1285
011008,28,1030,1058
011009,11,507,518
011010,10,466,476
011011,254,8066,8320
011012,26,1312,1338
011013,235,5968,6203
011014,15,617,632
011015,3395,89046,92441
011016,235,9413,9648
011017,153,5110,5263
011018,14,583,597
011019,42,1341,1383
011020,233,8003,8236
011021,14,526,540
011022,69,3279,3348
011023,129,3437,3566
011024,30,1362,1392
011025,14,663,677
011026,404,9432,9836
011027,679,21018,21697
011028,25,1269,1294
011029,52,1782,1834
011030,18,748,766
011031,200,7037,7237
011032,15,473,488
012001,17,399,416
012002,216,4987,5203
012003,147,5218,5365
012004,397,9559,9956
012005,187,4619,4806
012006,155,4458,4613
012007,19,734,753
012008,51,1606,1657
012009,49,1535,1584
012010,21,646,667
012011,108,2423,2531
012012,182,5293,5475
012013,309,8484,8793
012014,104,3106,3210
012015,159,4134,4293
012016,81,2131,2212
012017,107,3087,3194
012018,35,801,836
012019,72,1669,1741
012020,54,1190,1244
012021,22,768,790
012022,45,1182,1227
012023,27,916,943
012024,45,1125,1170
012025,86,2992,3078
012026,3117,79928,83045
012027,104,2050,2154
012029,299,7388,7687
012030,185,4565,4750
012031,97,2494,2591
012032,563,14217,14780
012033,282,6309,6591
012034,902,17133,18035
012035,156,4631,4787
012036,107,2604,2711
012037,57,1283,1340
012038,87,3526,3613
012039,208,5440,5648
012040,817,20568,21385
012041,15,638,653
012042,532,13796,14328
012043,23,528,551
012044,38,1259,1297
012045,44,1850,1894
012046,285,7350,7635
012047,161,4881,5042
012048,256,5436,5692
012049,35,764,799
012050,426,9902,10328
012051,111,3686,3797
012052,60,1849,1909
012053,147,4465,4612
012054,48,1180,1228
012055,113,2767,2880
012056,27,747,774
012057,16,584,600
012058,143,3455,3598
012059,143,2903,3046
012060,111,2791,2902
012061,4,152,156
012062,123,3143,3266
012063,49,1577,1626
012064,85,2961,3046
012065,52,1422,1474
012066,1,136,137
012067,519,11831,12350
012068,247,6518,6765
012069,35,667,702
012070,2169,50618,52787
012071,32,957,989
012072,293,8775,9068
012073,167,4371,4538
012074,110,2774,2884
012075,429,10375,10804
012076,133,3689,3822
012077,101,2540,2641
012078,157,4765,4922
012079,263,7869,8132
012080,69,2092,2161
012081,47,1185,1232
012082,33,1029,1062
012083,376,9927,10303
012084,202,5006,5208
012085,223,5018,5241
012086,225,5587,5812
012087,226,8154,8380
012088,128,3504,3632
012089,213,4839,5052
012090,410,11073,11483
012091,62,1163,1225
012092,532,13675,14207
012093,50,1242,1292
012095,37,1187,1224
012096,623,15768,16391
012097,162,3330,3492
012098,363,7647,8010
012099,8,303,311
012100,12,295,307
012101,72,1704,1776
012102,73,1550,1623
012103,69,1423,1492
012104,68,1878,1946
012105,123,4132,4255
012106,168,4777,4945
012107,174,4134,4308
012108,503,12082,12585
012109,327,7582,7909
012110,28,798,826
012113,88,2762,2850
012114,67,2227,2294
012115,34,870,904
012116,36,1204,1240
012117,127,2860,2987
012118,556,15509,16065
012119,1389,37366,38755
012120,428,10627,11055
012121,136,3878,4014
012122,196,5145,5341
012123,754,17031,17785
012124,200,5814,6014
012125,126,3458,3584
012126,82,2455,2537
012127,747,18050,18797
012128,132,3857,3989
012129,4,215,219
012130,431,10176,10607
012131,67,1520,1587
012132,86,2360,2446
012133,2744,76606,79350
012134,279,7049,7328
012136,195,5785,5980
012137,261,7028,7289
012138,294,8347,8641
012139,169,4910,5079
012140,25,549,574
012141,52,1431,1483
012142,70,2353,2423
012143,125,2513,2638
013003,220,6139,6359
013004,152,4035,4187
013005,104,2605,2709
013006,44,1219,1263
013007,150,4677,4827
013009,77,1709,1786
013010,261,7391,7652
013011,19,667,686
013012,218,4888,5106
013013,119,3443,3562
013015,26,537,563
013021,12,309,321
013022,145,2642,2787
013023,189,4576,4765
013024,89,1639,1728
013025,14,273,287
013026,26,1117,1143
013028,264,6175,6439
013029,89,2076,2165
013030,9,326,335
013032,31,1633,1664
013034,161,3865,4026
013035,263,7153,7416
013036,301,7656,7957
013037,17,481,498
013040,45,1734,1779
013041,1499,37970,39469
013042,183,4999,5182
013043,191,5279,5470
013044,37,1085,1122
013045,93,2825,2918
013046,153,4263,4416
013047,144,2959,3103
013048,247,6317,6564
013052,61,1585,1646
013053,176,4814,4990
013055,129,3209,3338
013058,35,1214,1249
013059,35,876,911
013062,7,184,191
013063,10,535,545
013064,366,8833,9199
013065,202,6296,6498
013068,63,2017,2080
013071,26,540,566
013074,14,455,469
013075,3032,81218,84250
013077,23,805,828
013083,22,665,687
013084,128,3328,3456
013085,3,211,214
013087,20,582,602
013089,49,1413,1462
013090,105,3148,3253
013092,6,230,236
013095,592,15616,16208
013097,79,2504,2583
013098,30,1139,1169
013099,240,4555,4795
013100,113,3067,3180
013101,173,4857,5030
013102,452,9351,9803
013106,14,685,699
013107,42,1007,1049
013110,97,2712,2809
013111,43,1257,1300
013113,8,587,595
013114,259,5557,5816
013118,342,8827,9169
013119,32,859,891
013120,21,515,536
013121,112,2417,2529
013123,19,443,462
013126,68,1928,1996
013128,196,3664,3860
013129,228,5722,5950
013130,4,160,164
013131,179,4099,4278
013133,484,9514,9998
013134,83,1846,1929
013135,118,2620,2738
013136,198,5188,5386
013137,102,2468,2570
013138,346,9396,9742
013139,24,625,649
013143,1041,24173,25214
013144,113,3083,3196
013145,109,2964,3073
013147,145,3919,4064
013152,45,1524,1569
013153,105,2259,2364
013154,252,5035,5287
013155,3,221,224
013157,73,2442,2515
013159,344,8312,8656
013160,33,913,946
013161,38,1134,1172
013163,103,2757,2860
013165,476,11259,11735
013169,97,2283,2380
013170,77,2597,2674
013178,13,176,189
013183,39,997,1036
013184,3,242,245
013185,26,806,832
013186,16,667,683
013187,1,230,231
013188,157,4113,4270
013189,196,4651,4847
013192,37,871,908
013193,49,1317,1366
013195,12,291,303
013197,61,1197,1258
013199,58,1588,1646
013201,311,7660,7971
013202,266,5951,6217
013203,6,475,481
013204,30,950,980
013206,263,7511,7774
013207,8,273,281
013211,26,845,871
013212,104,3053,3157
013216,52,1183,1235
013217,19,613,632
013218,25,588,613
013222,197,5543,5740
013223,30,1093,1123
013226,14,220,234
013227,400,9081,9481
013228,188,4764,4952
013229,95,2511,2606
013232,84,2545,2629
013233,11,153,164
013234,34,1419,1453
013236,2,199,201
013238,133,2937,3070
013239,22,728,750
013242,169,3976,4145
013245,271,7662,7933
013246,6,180,186
013248,53,1665,1718
013249,107,3973,4080
013250,115,3496,3611
013251,220,5183,5403
013252,174,4872,5046
013253,116,2857,2973
013254,130,3424,3554
013255,174,4468,4642
014001,2,286,288
014002,104,2917,3021
014003,36,549,585
014004,51,1445,1496
014005,120,3093,3213
014006,4,115,119
014007,137,3908,4045
014008,65,1208,1273
014009,147,3927,4074
014010,70,1891,1961
014011,26,1030,1056
014012,40,882,922
014013,42,1303,1345
014014,18,588,606
014015,52,1496,1548
014016,8,427,435
014017,35,757,792
014018,217,6927,7144
014019,63,2307,2370
014020,80,2359,2439
014021,8,325,333
014022,30,1094,1124
014023,42,1311,1353
014024,201,5208,5409
014025,21,450,471
014026,147,3139,3286
014027,150,3552,3702
014028,13,521,534
014029,29,741,770
014030,21,531,552
014031,4,155,159
014032,76,1862,1938
014033,179,4233,4412
014034,58,1577,1635
014035,19,526,545
014036,33,1248,1281
014037,421,6466,6887
014038,23,610,633
014039,31,721,752
014040,50,967,1017
014041,33,904,937
014043,84,1715,1799
014044,99,2846,2945
014045,472,11765,12237
014046,85,1787,1872
014047,1,35,36
014048,76,1351,1427
014049,67,2016,2083
014050,80,1814,1894
014051,74,1755,1829
014052,71,2187,2258
014053,23,621,644
014054,110,2776,2886
014055,5,285,290
014056,29,512,541
014057,120,2714,2834
014058,13,347,360
014059,24,465,489
014060,115,3855,3970
014061,744,20458,21202
014062,2,78,80
014063,162,4476,4638
014064,3,193,196
014065,150,4295,4445
014066,322,8507,8829
014067,21,735,756
014068,31,617,648
014069,163,2665,2828
014070,80,1927,2007
014071,195,3958,4153
014072,146,3461,3607
014073,81,2444,2525
014074,16,849,865
014075,35,1026,1061
014076,7,202,209
014077,41,927,968
014078,121,2804,2925
015002,1225,31251,32476
015005,163,4507,4670
015007,263,6423,6686
015009,659,18804,19463
015010,558,11638,12196
015011,427,8833,9260
015012,637,16616,17253
015014,146,3519,3665
015015,291,7642,7933
015016,138,3659,3797
015019,107,2911,3018
015022,77,1968,2045
015024,238,6961,7199
015026,131,3942,4073
015027,1240,34999,36239
015032,887,25285,26172
015035,103,2335,2438
015036,950,26065,27015
015038,156,4397,4553
015040,271,8109,8380
015041,534,13457,13991
015042,52,1188,1240
015044,340,6773,7113
015046,456,12010,12466
015050,238,3915,4153
015051,618,14963,15581
015055,165,3860,4025
015058,196,5317,5513
015059,749,18402,19151
015060,582,13338,13920
015061,66,1787,1853
015062,389,10591,10980
015070,1585,33427,35012
015071,183,4910,5093
015072,607,14414,15021
015074,893,22793,23686
015076,586,13690,14276
015077,3073,71563,74636
015078,246,4683,4929
015081,1947,45261,47208
015082,87,1922,2009
015085,813,17787,18600
015086,835,19482,20317
015087,817,19773,20590
015093,1373,33228,34601
015096,298,7896,8194
015097,156,4159,4315
015098,622,18165,18787
015099,267,6065,6332
015101,110,2896,3006
015103,371,8854,9225
015105,965,25806,26771
015106,369,8473,8842
015108,859,20040,20899
015110,154,2913,3067
015112,54,1560,1614
015113,292,8233,8525
015114,459,10796,11255
015115,353,8707,9060
015116,975,25162,26137
015118,2289,57566,59855
015122,169,3873,4042
015125,433,9857,10290
015130,888,23219,24107
015131,355,8913,9268
015134,236,5898,6134
015136,135,3445,3580
015139,493,11727,12220
015140,862,17149,18011
015142,723,17843,18566
015144,165,4034,4199
015146,53652,1320930,1374582
015150,25,1007,1032
015151,338,7715,8053
015154,585,16388,16973
015155,8,632,640
015157,727,19329,20056
015158,182,4332,4514
015159,508,13592,14100
015164,144,4132,4276
015165,54,1364,1418
015166,1855,45525,47380
015167,189,5673,5862
015168,1144,26775,27919
015169,417,10730,11147
015170,480,10971,11451
015171,934,22913,23847
015172,286,8739,9025
015173,583,15116,15699
015175,1601,34546,36147
015176,299,8030,8329
015177,336,6009,6345
015178,341,8206,8547
015179,300,7030,7330
015181,556,13501,14057
015182,1998,48744,50742
015183,169,4606,4775
015184,223,6535,6758
015185,173,4440,4613
015188,235,5564,5799
015189,1670,40174,41844
015191,256,7019,7275
015192,1273,31272,32545
015194,240,6441,6681
015195,1861,37447,39308
015200,200,4738,4938
015201,300,7974,8274
015202,180,4242,4422
015204,516,11887,12403
015205,1479,35003,36482
015206,826,20481,21307
015209,3078,77125,80203
015210,271,7059,7330
015211,700,19433,20133
015213,585,13406,13991
015219,225,5072,5297
015220,959,20494,21453
015221,413,11568,11981
015222,150,3504,3654
015224,216,5637,5853
015226,273,6819,7092
015229,363,8955,9318
015230,473,8876,9349
015236,126,3178,3304
015237,381,8920,9301
015242,667,16149,16816
015243,385,8859,9244
015244,145,3753,3898
015247,272,6595,6867
015248,200,5933,6133
015249,200,5043,5243
015250,527,11339,11866
015251,261,5535,5796
016001,90,2086,2176
016002,24,767,791
016003,342,7945,8287
016004,556,16930,17486
016005,181,5306,5487
016006,293,6147,6440
016007,189,5397,5586
016008,505,12935,13440
016009,89,2291,2380
016010,166,2997,3163
016011,200,4603,4803
016012,117,3250,3367
016013,99,2618,2717
016014,4,166,170
016015,15,536,551
016016,252,7315,7567
016017,7,370,377
016018,175,4180,4355
016019,23,665,688
016020,158,4070,4228
016021,98,1915,2013
016022,25,678,703
016023,84,2326,2410
016024,4317,115676,119993
016025,86,1304,1390
016026,16,571,587
016027,2,73,75
016028,349,6084,6433
016029,296,5927,6223
016030,574,9643,10217
016031,273,6340,6613
016032,65,1094,1159
016033,48,942,990
016034,166,4848,5014
016035,22,702,724
016036,18,659,677
016037,359,8123,8482
016038,290,7572,7862
016040,307,5746,6053
016041,10,104,114
016042,216,5364,5580
016043,285,5786,6071
016044,242,5147,5389
016046,334,7876,8210
016047,171,4093,4264
016048,13,560,573
016049,156,4074,4230
016050,37,1155,1192
016051,332,7828,8160
016052,114,2924,3038
016053,638,15532,16170
016055,229,4501,4730
016056,4,285,289
016057,193,4452,4645
016058,164,3701,3865
016059,189,3868,4057
016060,105,3003,3108
016061,2,110,112
016062,464,9930,10394
016063,114,2708,2822
016064,87,3274,3361
016065,34,1224,1258
016066,125,2528,2653
016067,71,1575,1646
016068,88,2440,2528
016069,179,3734,3913
016070,145,3960,4105
016071,55,1534,1589
016072,177,3213,3390
016073,276,5751,6027
016074,232,5997,6229
016075,235,5223,5458
016076,182,4847,5029
016077,302,8235,8537
016078,37,1068,1105
016079,475,10584,11059
016080,53,1565,1618
016081,178,4215,4393
016082,36,894,930
016083,71,1866,1937
016084,147,3201,3348
016085,18,531,549
016086,333,8620,8953
016087,210,3955,4165
016088,168,3356,3524
016089,241,7254,7495
016090,0,216,216
016091,862,22474,23336
016092,29,854,883
016093,106,3261,3367
016094,88,1873,1961
016096,336,7632,7968
016097,70,1243,1313
016098,114,3019,3133
016099,44,1075,1119
016100,98,2849,2947
016101,262,4450,4712
016102,20,533,553
016103,1,171,172
016104,113,2932,3045
016105,161,3232,3393
016106,3,203,206
016107,40,932,972
016108,146,5091,5237
016109,49,1396,1445
016110,32,830,862
016111,176,4758,4934
016113,277,5856,6133
016114,206,4937,5143
016115,222,6324,6546
016116,49,1442,1491
016117,255,6162,6417
016118,35,1118,1153
016119,34,831,865
016120,321,7075,7396
016121,1,165,166
016122,24,613,637
016123,161,3985,4146
016124,118,4182,4300
016125,20,540,560
016126,139,3578,3717
016127,48,789,837
016128,151,4895,5046
016129,134,2678,2812
016130,29,853,882
016131,182,3798,3980
016132,291,6550,6841
016133,512,10286,10798
016134,3,161,164
016135,115,2826,2941
016136,3,200,203
016137,37,1117,1154
016139,133,3132,3265
016140,98,2373,2471
016141,116,2793,2909
016142,166,4258,4424
016143,227,7107,7334
016144,403,10828,11231
016145,12,482,494
016146,19,955,974
016147,4,143,147
016148,13,559,572
016149,34,880,914
016150,56,1696,1752
016151,0,144,144
016152,202,5053,5255
016153,560,11971,12531
016154,89,2006,2095
016155,155,3861,4016
016156,207,4289,4496
016157,242,5490,5732
016158,105,2579,2684
016159,13,348,361
016160,211,5694,5905
016161,60,1667,1727
016162,55,1402,1457
016163,24,1018,1042
016164,34,1173,1207
016165,4,380,384
016166,4,83,87
016167,66,1524,1590
016168,51,1677,1728
016169,231,6519,6750
016170,493,11041,11534
016171,134,3179,3313
016172,193,4776,4969
016173,168,4341,4509
016174,51,1772,1823
016175,35,1040,1075
016176,164,4611,4775
016177,62,1620,1682
016178,198,5673,5871
016179,33,1179,1212
016180,33,866,899
016182,162,3687,3849
016183,964,19518,20482
016184,8,405,413
016185,35,779,814
016186,38,864,902
016187,151,3926,4077
016188,136,4496,4632
016189,287,5664,5951
016190,147,4572,4719
016191,17,506,523
016193,254,6468,6722
016194,374,9427,9801
016195,31,1121,1152
016196,94,2367,2461
016197,53,1921,1974
016198,998,24113,25111
016199,57,1969,2026
016200,58,1711,1769
016201,25,667,692
016202,310,8702,9012
016203,178,4239,4417
016204,199,5006,5205
016205,28,948,976
016206,273,5395,5668
016207,568,12778,13346
016208,40,1025,1065
016209,141,3602,3743
016210,10,525,535
016211,52,1949,2001
016212,197,4751,4948
016213,368,7646,8014
016214,335,8296,8631
016215,107,2063,2170
016216,103,2364,2467
016217,51,1040,1091
016218,443,9201,9644
016219,1315,29242,30557
016220,397,10422,10819
016221,44,1304,1348
016222,453,9401,9854
016223,30,958,988
016224,182,4156,4338
016225,29,557,586
016226,4,130,134
016227,6,201,207
016229,5,246,251
016230,4,184,188
016232,365,7110,7475
016233,369,7813,8182
016234,136,4331,4467
016235,46,1072,1118
016236,51,1252,1303
016237,20,556,576
016238,176,4361,4537
016239,255,6332,6587
016240,266,6406,6672
016241,46,1712,1758
016242,350,7753,8103
016243,57,1376,1433
016244,98,2565,2663
016245,374,8228,8602
016246,281,8387,8668
016247,29,845,874
016248,22,635,657
016249,13,277,290
016250,94,2257,2351
016251,84,1927,2011
016252,146,3689,3835
016253,173,4017,4190
017001,66,1447,1513
017002,261,6870,7131
017003,46,1590,1636
017004,89,2307,2396
017005,8,436,444
017006,78,2260,2338
017007,149,3444,3593
017008,148,3208,3356
017009,520,12034,12554
017010,83,3663,3746
017011,72,2228,2300
017012,46,1097,1143
017013,103,2223,2326
017014,536,11778,12314
017015,113,2631,2744
017016,35,1516,1551
017017,115,2325,2440
017018,130,3630,3760
017019,44,1269,1313
017020,237,5097,5334
017021,338,8792,9130
017022,73,2446,2519
017023,361,10280,10641
017024,67,1973,2040
017025,257,7145,7402
017026,62,1645,1707
017027,27,659,686
017028,158,4536,4694
017029,7507,189797,197304
017030,33,714,747
017031,69,2045,2114
017032,582,12422,13004
017033,135,3450,3585
017034,346,8023,8369
017035,86,2293,2379
017036,10,336,346
017037,175,4468,4643
017038,414,9018,9432
017039,575,12393,12968
017040,355,8009,8364
017041,347,6336,6683
017042,408,10591,10999
017043,445,11085,11530
017044,64,1573,1637
017045,416,7043,7459
017046,432,10407,10839
017047,43,1053,1096
017048,158,4743,4901
017049,18,634,652
017050,62,1731,1793
017051,20,811,831
017052,851,18243,19094
017053,47,1430,1477
017054,17,517,534
017055,120,2605,2725
017056,381,8335,8716
017057,141,4397,4538
017058,60,1996,2056
017059,322,7195,7517
017060,200,3809,4009
017061,591,15053,15644
017062,250,6820,7070
017063,75,1834,1909
017064,57,1360,1417
017065,592,14952,15544
017066,225,5321,5546
017067,1021,28187,29208
017068,162,4281,4443
017069,383,8325,8708
017070,183,4974,5157
017071,65,1920,1985
017072,332,8539,8871
017073,182,4378,4560
017074,71,2571,2642
017075,451,10956,11407
017076,82,2679,2761
017077,529,11729,12258
017078,787,17734,18521
017079,85,2049,2134
017080,218,4741,4959
017081,582,15906,16488
017082,59,1819,1878
017083,15,331,346
017084,4,128,132
017085,300,8694,8994
017086,166,3909,4075
017087,9,477,486
017088,611,13576,14187
017089,46,1118,1164
017090,60,1571,1631
017091,179,3616,3795
017092,731,16090,16821
017093,19,543,562
017094,18,589,607
017095,4,373,377
017096,798,20871,21669
017097,68,1408,1476
017098,1,105,106
017099,164,3322,3486
017100,73,1905,1978
017101,94,2974,3068
017102,166,5246,5412
017103,561,12655,13216
017104,152,4020,4172
017105,26,630,656
017106,122,2995,3117
017107,506,11964,12470
017108,71,1693,1764
017109,90,2489,2579
017110,17,511,528
017111,41,1603,1644
017112,149,4414,4563
017113,1189,24822,26011
017114,207,4870,5077
017115,27,749,776
017116,92,2561,2653
017117,335,10305,10640
017118,92,1895,1987
017119,152,3736,3888
017120,219,4486,4705
017121,92,1805,1897
017122,181,3897,4078
017123,124,3061,3185
017124,37,936,973
017125,526,11823,12349
017126,82,2334,2416
017127,712,13908,14620
017128,50,1404,1454
017129,175,4521,4696
017130,119,3501,3620
017131,6,167,173
017132,96,2052,2148
017133,789,19151,19940
017134,198,4648,4846
017135,21,566,587
017136,240,6693,6933
017137,114,2617,2731
017138,182,4260,4442
017139,20,536,556
017140,18,567,585
017141,51,1399,1450
017142,222,4479,4701
017143,290,7592,7882
017144,90,2358,2448
017145,92,2599,2691
017146,154,3605,3759
017147,183,4999,5182
017148,61,1685,1746
017149,230,6772,7002
017150,303,6569,6872
017151,114,3439,3553
017152,123,2693,2816
017153,63,1434,1497
017155,314,6524,6838
017156,255,6947,7202
017157,30,862,892
017158,133,3350,3483
017159,250,5935,6185
017160,136,3220,3356
017161,520,12821,13341
017162,228,4564,4792
017163,444,9309,9753
017164,122,4219,4341
017165,346,9005,9351
017166,935,18254,19189
017167,273,5581,5854
017168,188,3758,3946
017169,109,3190,3299
017170,331,10163,10494
017171,120,3351,3471
017172,175,2467,2642
017173,178,4557,4735
017174,538,12661,13199
017175,18,835,853
017176,42,1365,1407
017177,42,1400,1442
017178,111,2928,3039
017179,318,8031,8349
017180,80,1840,1920
017181,60,1166,1226
017182,86,1829,1915
017183,36,1177,1213
017184,40,1063,1103
017185,35,1168,1203
017186,256,6153,6409
017187,237,7356,7593
017188,591,13152,13743
017189,89,1977,2066
017190,226,5201,5427
017191,11,509,520
017192,161,3546,3707
017193,53,1354,1407
017194,3,168,171
017195,303,7745,8048
017196,141,3613,3754
017197,155,4061,4216
017198,67,1398,1465
017199,449,10145,10594
017200,52,1308,1360
017201,192,5592,5784
017202,22,612,634
017203,90,1910,2000
017204,367,7832,8199
017205,22,1000,1022
017206,192,4517,4709
018001,19,789,808
018002,5,231,236
018003,15,495,510
018004,147,3424,3571
018005,46,1492,1538
018006,15,370,385
018007,14,619,633
018008,33,834,867
018009,79,1698,1777
018011,25,932,957
018012,32,660,692
018013,229,5936,6165
018014,117,2727,2844
018015,93,2520,2613
018016,43,1282,1325
018017,10,399,409
018018,28,898,926
018019,113,2534,2647
018020,18,596,614
018021,7,517,524
018022,11,697,708
018023,104,3330,3434
018024,417,9128,9545
018025,2,108,110
018026,54,1020,1074
018027,43,1416,1459
018029,48,1282,1330
018030,48,1374,1422
018031,11,453,464
018032,43,839,882
018033,86,2286,2372
018034,377,8425,8802
018035,236,6560,6796
018036,26,695,721
018037,208,6344,6552
018038,22,949,971
018039,36,1031,1067
018040,13,529,542
018041,201,6397,6598
018042,7,222,229
018043,114,2135,2249
018044,4,174,178
018045,21,677,698
018046,218,5189,5407
018047,25,1104,1129
018048,140,3775,3915
018049,43,1260,1303
018050,168,5165,5333
018051,22,924,946
018052,53,1508,1561
018053,74,1660,1734
018054,18,744,762
018057,27,950,977
018058,17,364,381
018059,13,356,369
018060,235,4646,4881
018061,152,4370,4522
018062,48,1031,1079
018063,25,786,811
018064,8,348,356
018065,36,1071,1107
018066,3,173,176
018067,4,199,203
018068,319,9330,9649
018069,327,9116,9443
018071,53,1335,1388
018072,233,4996,5229
018073,64,3118,3182
018074,6,176,182
018075,94,2609,2703
018076,142,4201,4343
018077,63,1397,1460
018078,310,6110,6420
018079,11,356,367
018080,27,1112,1139
018081,98,2719,2817
018082,8,122,130
018083,59,1983,2042
018084,74,2371,2445
018085,68,1665,1733
018086,95,2372,2467
018087,60,1603,1663
018088,192,6089,6281
018089,8,336,344
018090,32,994,1026
018091,11,458,469
018092,28,1313,1341
018093,167,3476,3643
018094,26,846,872
018095,32,1480,1512
018096,17,507,524
018097,17,402,419
018098,5,253,258
018099,21,638,659
018100,50,1573,1623
018101,11,589,600
018102,541,14854,15395
018103,6,290,296
018104,20,707,727
018105,1,162,163
018106,36,1032,1068
018107,61,1768,1829
018108,6,302,308
018109,59,1779,1838
018110,2454,68668,71122
018111,22,756,778
018112,16,833,849
018113,41,1704,1745
018114,97,2483,2580
018115,52,1614,1666
018116,21,672,693
018117,22,738,760
018118,50,1391,1441
018119,8,394,402
018120,35,997,1032
018121,57,1489,1546
018122,161,5008,5169
018123,193,5540,5733
018124,9,522,531
018125,4,64,68
018126,3,205,208
018127,35,603,638
018128,11,607,618
018129,70,1463,1533
018130,9,534,543
018131,28,842,870
018133,15,462,477
018134,15,618,633
018135,138,3830,3968
018136,22,1012,1034
018137,232,6184,6416
018138,166,4983,5149
018139,69,1812,1881
018140,56,1492,1548
018141,39,923,962
018142,4,444,448
018143,78,2218,2296
018144,20,778,798
018145,16,537,553
018146,30,1461,1491
018147,29,841,870
018148,2,204,206
018149,14,642,656
018150,290,6061,6351
018151,35,1117,1152
018152,24,512,536
018153,433,11015,11448
018154,14,586,600
018155,32,1527,1559
018156,21,510,531
018157,42,893,935
018158,5,310,315
018159,88,2308,2396
018160,152,3346,3498
018161,32,791,823
018162,150,4300,4450
018163,121,2195,2316
018164,127,3513,3640
018165,40,983,1023
018166,17,571,588
018167,3,196,199
018168,65,2030,2095
018169,42,1428,1470
018171,63,2961,3024
018172,3,93,96
018173,135,3180,3315
018174,13,359,372
018175,32,1182,1214
018176,313,6229,6542
018177,2350,59990,62340
018178,3,60,63
018179,32,740,772
018180,103,3168,3271
018181,63,1460,1523
018182,1283,37152,38435
018183,1,124,125
018184,33,932,965
018185,60,1614,1674
018186,22,981,1003
018187,19,458,477
018188,9,385,394
018189,72,1612,1684
018190,98,2986,3084
018191,33,798,831
018192,116,2417,2533
018193,23,1012,1035
019001,40,1093,1133
019002,159,3696,3855
019003,58,1904,1962
019004,11,581,592
019005,186,4714,4900
019006,45,1412,1457
019007,20,550,570
019009,29,1136,1165
019010,35,1178,1213
019011,14,664,678
019012,86,2079,2165
019013,24,521,545
019014,20,393,413
019015,69,2202,2271
019016,106,3586,3692
019017,64,1757,1821
019018,33,1104,1137
019019,26,503,529
019020,81,1679,1760
019021,613,14409,15022
019022,71,1508,1579
019023,17,558,575
019024,19,436,455
019025,370,8922,9292
019026,213,5370,5583
019027,10,289,299
019028,12,474,486
019029,95,2169,2264
019030,35,869,904
019031,39,1108,1147
019032,52,980,1032
019033,40,1277,1317
019034,40,1517,1557
019035,1219,32991,34210
019036,2569,68654,71223
019037,70,1659,1729
019038,20,619,639
019039,12,403,415
019040,4,296,300
019041,130,3620,3750
019043,31,1155,1186
019044,38,970,1008
019045,35,831,866
019046,75,1842,1917
019047,46,1086,1132
019048,48,1283,1331
019049,18,612,630
019050,75,1425,1500
019051,59,1635,1694
019052,96,2534,2630
019053,20,1079,1099
019054,54,1894,1948
019055,83,2690,2773
019056,66,1650,1716
019057,106,1948,2054
019058,90,2167,2257
019059,83,2371,2454
019060,25,696,721
019061,32,792,824
019062,226,5739,5965
019063,27,890,917
019064,107,2657,2764
019065,42,1289,1331
019066,139,3635,3774
019067,313,8558,8871
019068,119,3203,3322
019069,57,1457,1514
019070,12,575,587
019072,103,2407,2510
019073,41,1070,1111
019074,47,1205,1252
019075,54,1527,1581
019076,193,6108,6301
019077,57,1359,1416
019078,29,861,890
019079,68,1678,1746
019080,35,958,993
019081,137,3247,3384
019082,22,504,526
019083,59,1783,1842
019084,279,7765,8044
019085,104,2148,2252
019086,135,2986,3121
019087,36,1101,1137
019088,76,2020,2096
019089,38,1242,1280
019090,81,1813,1894
019091,10,383,393
019092,33,1283,1316
019093,9,513,522
019094,126,3362,3488
019095,136,3059,3195
019096,33,874,907
019097,273,7284,7557
019098,364,8347,8711
019099,109,2898,3007
019100,38,1457,1495
019101,21,579,600
019102,286,6569,6855
019103,53,1383,1436
019104,19,396,415
019105,17,471,488
019106,18,424,442
019107,72,1989,2061
019108,20,564,584
019109,105,2661,2766
019110,47,1585,1632
019111,105,3485,3590
019112,135,4369,4504
019113,139,3614,3753
019114,9,454,463
019115,6,332,338
019116,144,3783,3927
020001,79,2696,2775
020002,392,9617,10009
020003,225,5592,5817
020007,160,3900,4060
020008,138,4056,4194
020010,68,2116,2184
020011,138,2539,2677
020012,58,1414,1472
020013,146,3120,3266
020014,167,4352,4519
020015,618,12010,12628
020016,201,4975,5176
020017,1037,22446,23483
020018,117,3644,3761
020019,89,2449,2538
020020,36,1053,1089
020021,527,14201,14728
020022,106,3198,3304
020024,144,2856,3000
020025,65,2072,2137
020026,394,9634,10028
020027,319,8439,8758
020028,259,5703,5962
020029,41,1405,1446
020030,1674,47081,48755
020031,208,6166,6374
020032,40,745,785
020033,287,7386,7673
020034,175,3945,4120
020035,177,5150,5327
020036,204,4725,4929
020037,88,2355,2443
020038,225,6396,6621
020039,246,6675,6921
020041,66,1638,1704
020042,216,6246,6462
020043,49,1612,1661
020044,86,2250,2336
020045,543,15938,16481
020046,22,1035,1057
020047,163,5152,5315
020048,45,1163,1208
020050,73,2395,2468
020051,182,5072,5254
020052,218,6625,6843
020053,334,8391,8725
020054,139,4006,4145
020055,230,6544,6774
020056,42,1471,1513
020057,442,11388,11830
020058,39,1212,1251
020059,41,1597,1638
020060,30,1066,1096
020061,214,6981,7195
020062,57,1411,1468
020063,113,2546,2659
020064,71,1942,2013
020065,864,20042,20906
020066,786,19036,19822
020068,89,2014,2103
020070,243,6928,7171
020071,612,14064,14676
020072,198,5218,5416
020073,63,1849,1912
021001,83,1570,1653
021002,46,975,1021
021003,19,380,399
021004,721,14169,14890
021005,41,753,794
021006,152,3512,3664
021007,106,1659,1765
021008,4611,102856,107467
021009,36,630,666
021010,113,2178,2291
021011,1173,21525,22698
021012,133,2632,2765
021013,818,16126,16944
021014,10,379,389
021015,417,7696,8113
021016,144,2574,2718
021017,314,5298,5612
021018,115,2260,2375
021019,334,6723,7057
021020,89,1500,1589
021021,155,2802,2957
021022,273,4905,5178
021023,164,3269,3433
021024,86,2134,2220
021025,24,630,654
021026,64,1423,1487
021027,108,2214,2322
021028,155,3238,3393
021029,245,5214,5459
021030,192,2720,2912
021031,209,3441,3650
021032,62,964,1026
021033,140,2420,2560
021034,133,3105,3238
021035,86,1735,1821
021036,51,862,913
021037,282,5004,5286
021038,247,4834,5081
021039,138,2579,2717
021040,868,17310,18178
021041,693,11874,12567
021042,218,3889,4107
021043,13,324,337
021044,91,1462,1553
021045,71,1225,1296
021046,319,4851,5170
021047,209,2983,3192
021048,144,2703,2847
021049,36,796,832
021050,84,1602,1686
021051,1866,39034,40900
021052,132,2774,2906
021053,110,1610,1720
021054,132,1918,2050
021055,100,1950,2050
021056,312,5697,6009
021057,241,3088,3329
021058,115,1907,2022
021059,238,3791,4029
021060,213,3735,3948
021061,226,4665,4891
021062,185,3677,3862
021063,116,1527,1643
021064,49,694,743
021065,10,191,201
021066,94,1857,1951
021067,222,3445,3667
021068,23,515,538
021069,12,240,252
021070,269,4307,4576
021071,157,2791,2948
021072,434,7552,7986
021073,75,1305,1380
021074,182,3030,3212
021075,89,1180,1269
021076,231,3571,3802
021077,167,3271,3438
021079,163,2916,3079
021080,211,3366,3577
021081,182,3682,3864
021082,98,1671,1769
021083,186,3037,3223
021084,69,1455,1524
021085,120,1916,2036
021086,365,6763,7128
021087,151,2902,3053
021088,68,1334,1402
021089,116,2620,2736
021091,81,1191,1272
021092,80,1820,1900
021093,353,5911,6264
021094,91,1720,1811
021095,66,1135,1201
021096,109,1662,1771
021097,217,4482,4699
021098,196,3277,3473
021099,120,1862,1982
021100,49,959,1008
021101,104,2426,2530
021102,58,985,1043
021103,51,917,968
021104,202,2684,2886
021105,74,1046,1120
021106,172,3020,3192
021107,178,2891,3069
021108,323,5648,5971
021109,127,2196,2323
021110,182,3127,3309
021111,260,4610,4870
021112,66,916,982
021113,82,1505,1587
021114,86,1801,1887
021115,364,6595,6959
021116,238,2787,3025
021117,81,1299,1380
021118,43,732,775
022001,355,8437,8792
022002,69,1431,1500
022003,127,3060,3187
022005,46,1222,1268
022006,708,17090,17798
022007,181,3891,4072
022009,202,4872,5074
022011,56,1414,1470
022013,138,2608,2746
022015,19,427,446
022017,74,1442,1516
022018,17,379,396
022021,22,617,639
022022,276,6708,6984
022025,179,3842,4021
022026,10,240,250
022029,18,663,681
022032,53,1323,1376
022033,46,1048,1094
022034,180,3675,3855
022035,113,1883,1996
022036,19,690,709
022037,74,1446,1520
022038,55,1402,1457
022039,84,1931,2015
022040,22,557,579
022042,28,922,950
022043,20,500,520
022045,5,214,219
022047,83,2237,2320
022048,36,1131,1167
022049,39,1027,1066
022050,133,3908,4041
022051,50,1067,1117
022052,23,522,545
022053,104,2899,3003
022054,4,229,233
022058,32,676,708
022059,13,335,348
022060,4,294,298
022061,175,3905,4080
022062,325,6830,7155
022064,43,976,1019
022068,26,662,688
022071,17,404,421
022074,32,1179,1211
022078,23,551,574
022079,237,4820,5057
022081,32,882,914
022083,37,1018,1055
022085,24,457,481
022087,94,3056,3150
022089,54,1265,1319
022090,14,328,342
022091,15,378,393
022092,148,2372,2520
022093,45,704,749
022095,66,2020,2086
022097,60,1117,1177
022098,126,2628,2754
022102,37,1149,1186
022103,428,8691,9119
022104,307,7696,8003
022106,23,767,790
022108,48,822,870
022109,10,258,268
022110,87,2132,2219
022112,7,137,144
022113,36,562,598
022114,27,847,874
022115,59,1535,1594
022116,281,5247,5528
022117,330,7031,7361
022118,75,2607,2682
022120,43,1091,1134
022123,442,9532,9974
022124,88,2759,2847
022127,88,1987,2075
022128,63,1249,1312
022129,60,1035,1095
022130,30,760,790
022131,15,819,834
022133,4,161,165
022134,32,792,824
022135,50,937,987
022136,62,1772,1834
022137,41,741,782
022138,18,372,390
022139,900,20586,21486
022142,19,618,637
022143,121,3029,3150
022144,91,2327,2418
022147,150,4372,4522
022150,49,1286,1335
022153,690,16956,17646
022155,54,1330,1384
022156,115,2782,2897
022157,26,434,460
022159,15,424,439
022160,72,1560,1632
022161,1595,38359,39954
022162,9,398,407
022163,31,782,813
022164,9,170,179
022165,16,538,554
022167,197,3759,3956
022168,46,1074,1120
022169,46,870,916
022170,29,765,794
022171,54,1319,1373
022172,33,1370,1403
022173,14,350,364
022176,30,661,691
022177,19,766,785
022179,38,1206,1244
022180,44,1214,1258
022181,31,674,705
022182,56,1122,1178
022183,175,4359,4534
022184,28,581,609
022188,61,1837,1898
022189,23,567,590
022190,39,1012,1051
022191,80,1912,1992
022193,15,681,696
022195,38,616,654
022196,113,2822,2935
022199,173,3492,3665
022200,46,1275,1321
022202,19,654,673
022203,62,1406,1468
022205,4846,114033,118879
022209,15,443,458
022210,55,1309,1364
022213,72,1774,1846
022216,14,166,180
022222,166,3659,3825
022224,112,2908,3020
022226,72,1683,1755
022228,128,2767,2895
022229,214,5034,5248
022230,347,6431,6778
022231,65,1489,1554
022232,34,1107,1141
022233,77,2022,2099
022234,55,1375,1430
022235,59,1553,1612
022236,212,4862,5074
022237,31,515,546
022238,75,1888,1963
022239,36,671,707
022240,121,3156,3277
022241,104,2204,2308
022242,45,1352,1397
022243,125,2808,2933
022244,67,1685,1752
022245,172,5106,5278
022246,142,2752,2894
022247,51,1353,1404
022248,179,4980,5159
022249,167,4569,4736
022250,150,3548,3698
022251,126,2927,3053
022252,102,2385,2487
022253,164,3435,3599
022254,104,2527,2631
023001,94,2275,2369
023002,202,5169,5371
023003,108,2289,2397
023004,282,6043,6325
023005,121,2468,2589
023006,268,6902,7170
023007,138,3191,3329
023008,72,1691,1763
023009,86,1901,1987
023010,49,1308,1357
023011,134,3399,3533
023012,658,15392,16050
023013,46,1288,1334
023014,96,2390,2486
023015,883,19700,20583
023016,296,6807,7103
023017,368,7524,7892
023018,336,8166,8502
023019,191,5371,5562
023020,121,3514,3635
023021,471,11499,11970
023022,530,12770,13300
023023,269,5767,6036
023024,50,1470,1520
023025,685,15959,16644
023026,95,2470,2565
023027,341,8111,8452
023028,412,8386,8798
023029,52,1050,1102
023030,146,3727,3873
023031,105,2443,2548
023032,108,1819,1927
023033,35,749,784
023034,3,247,250
023035,139,3963,4102
023036,159,3984,4143
023037,196,5030,5226
023038,397,10319,10716
023039,214,4999,5213
023040,433,11329,11762
023041,146,3098,3244
023042,344,8265,8609
023043,217,6684,6901
023044,922,24521,25443
023045,126,3514,3640
023046,114,3008,3122
023047,101,2448,2549
023048,164,4406,4570
023049,179,4099,4278
023050,499,8520,9019
023051,437,7590,8027
023052,579,16172,16751
023053,343,8031,8374
023054,184,3667,3851
023055,515,9790,10305
023056,37,1194,1231
023057,121,2990,3111
023058,750,16617,17367
023059,407,10474,10881
023060,301,7057,7358
023061,109,2402,2511
023062,76,2106,2182
023063,195,3545,3740
023064,242,5720,5962
023065,112,2547,2659
023066,87,1510,1597
023067,82,1988,2070
023068,169,3610,3779
023069,1002,20400,21402
023070,198,4713,4911
023071,1035,24383,25418
023072,153,3933,4086
023073,802,15168,15970
023074,22,553,575
023075,129,2901,3030
023076,423,12493,12916
023077,507,11441,11948
023078,99,2431,2530
023079,52,1379,1431
023080,31,861,892
023081,278,6865,7143
023082,552,14236,14788
023083,736,16893,17629
023084,117,2840,2957
023085,79,2067,2146
023086,108,2954,3062
023087,224,4678,4902
023088,144,2612,2756
023089,773,14986,15759
023090,28,731,759
023091,9545,248486,258031
023092,289,4861,5150
023093,108,2428,2536
023094,490,9759,10249
023095,218,5541,5759
023096,1291,31974,33265
023097,658,14884,15542
023098,215,4654,4869
024001,62,1341,1403
024002,75,1902,1977
024003,65,1521,1586
024004,458,11386,11844
024005,87,2061,2148
024006,257,7550,7807
024007,92,2944,3036
024008,1066,24058,25124
024009,228,6121,6349
024010,38,830,868
024012,1516,41011,42527
024013,241,6273,6514
024014,296,8143,8439
024015,230,6377,6607
024016,110,3094,3204
024017,183,3804,3987
024018,393,10935,11328
024019,105,2403,2508
024020,40,1245,1285
024021,497,10677,11174
024022,70,1596,1666
024024,120,3412,3532
024025,124,3599,3723
024026,674,14369,15043
024027,88,2760,2848
024028,255,5867,6122
024029,556,12018,12574
024030,77,2416,2493
024032,107,3050,3157
024034,456,11272,11728
024035,349,7356,7705
024036,385,10929,11314
024037,60,1220,1280
024038,515,13320,13835
024039,37,1517,1554
024040,130,3590,3720
024041,20,642,662
024042,66,2276,2342
024043,163,3239,3402
024044,38,793,831
024046,187,4079,4266
024047,188,3580,3768
024048,423,9865,10288
024049,4,121,125
024050,1,183,184
024051,170,5448,5618
024052,676,15252,15928
024053,109,3484,3593
024055,602,14169,14771
024056,359,9021,9380
024057,509,13513,14022
024060,253,6197,6450
024061,944,22212,23156
024062,176,4727,4903
024063,104,2683,2787
024064,119,3268,3387
024065,63,1751,1814
024066,105,2748,2853
024067,292,8775,9067
024068,113,2964,3077
024070,303,7300,7603
024071,127,2961,3088
024072,80,1155,1235
024073,145,4726,4871
024074,327,8587,8914
024075,92,2944,3036
024076,14,694,708
024077,87,2078,2165
024078,296,7841,8137
024079,148,4133,4281
024080,10,554,564
024081,95,3024,3119
024082,107,2700,2807
024083,223,5679,5902
024084,166,5974,6140
024085,159,4022,4181
024086,512,13660,14172
024087,602,13997,14599
024088,386,7752,8138
024089,19,627,646
024090,34,982,1016
024091,301,7893,8194
024094,77,1516,1593
024095,190,5369,5559
024096,131,3468,3599
024097,223,5090,5313
024098,333,6337,6670
024099,94,2551,2645
024100,1445,37190,38635
024101,61,1746,1807
024102,151,4043,4194
024103,295,7180,7475
024104,573,12247,12820
024105,979,22985,23964
024106,19,486,505
024107,189,5627,5816
024108,454,11312,11766
024110,334,8341,8675
024111,855,24851,25706
024112,42,1176,1218
024113,86,2965,3051
024115,70,2172,2242
024116,3963,107150,111113
024117,63,1848,1911
024118,241,5873,6114
024119,246,6370,6616
024120,56,1307,1363
024121,27,771,798
024122,252,6542,6794
024123,119,2924,3043
024124,228,6072,6300
024125,155,4759,4914
024126,208,5736,5944
024127,138,4462,4600
025001,143,3931,4074
025002,90,2597,2687
025003,43,1121,1164
025004,56,2150,2206
025005,67,3083,3150
025006,1131,34391,35522
025007,32,807,839
025008,66,1840,1906
025010,37,1221,1258
025011,137,3788,3925
025012,32,1230,1262
025013,4,357,361
025014,9,346,355
025015,81,2015,2096
025016,131,5538,5669
025017,12,428,440
025018,62,2204,2266
025019,51,1809,1860
025021,699,19792,20491
025022,91,2991,3082
025023,29,1056,1085
025025,10,535,545
025026,72,2627,2699
025027,25,1042,1067
025029,195,5114,5309
025030,51,1264,1315
025032,22,535,557
025033,30,1256,1286
025035,6,263,269
025036,128,4195,4323
025037,11,356,367
025039,112,3617,3729
025040,250,7753,8003
025043,15,604,619
025044,40,1134,1174
025045,32,1541,1573
025046,13,360,373
025047,52,1505,1557
025048,233,6416,6649
025049,13,598,611
025050,74,2344,2418
025051,80,1875,1955
025053,426,9751,10177
025054,15,474,489
025055,86,2331,2417
025056,105,2986,3091
025057,7,359,366
025058,35,1283,1318
025059,66,1662,1728
025060,27,1265,1292
025062,11,462,473
025063,59,1788,1847
025065,35,1328,1363
025066,26,803,829
025067,21,809,830
025069,4,187,191
025070,121,2979,3100
025071,137,4982,5119
025072,223,6425,6648
025073,64,2778,2842
025074,418,13070,13488
026001,313,6771,7084
026002,185,4318,4503
026003,379,8678,9057
026004,225,5684,5909
026005,279,7386,7665
026006,332,7567,7899
026007,144,4507,4651
026008,386,10852,11238
026009,508,12641,13149
026010,426,10909,11335
026011,105,2182,2287
026012,1187,32170,33357
026013,322,6801,7123
026014,112,2751,2863
026015,204,3629,3833
026016,146,3501,3647
026017,132,3245,3377
026018,83,2499,2582
026019,228,5068,5296
026020,177,4890,5067
026021,1148,33332,34480
026022,245,6654,6899
026023,266,6027,6293
026025,267,5813,6080
026026,357,8164,8521
026027,122,3536,3658
026028,224,5430,5654
026029,276,5713,5989
026030,79,2740,2819
026031,204,5817,6021
026032,220,4965,5185
026033,225,5693,5918
026034,158,3881,4039
026035,399,8782,9181
026036,449,8823,9272
026037,236,4749,4985
026038,381,9227,9608
026039,218,4911,5129
026040,307,8910,9217
026041,142,2783,2925
026042,97,3066,3163
026043,860,26701,27561
026044,213,4225,4438
026045,35,1270,1305
026046,1210,29919,31129
026047,176,4248,4424
026048,110,2701,2811
026049,374,10267,10641
026050,217,6366,6583
026051,747,19597,20344
026052,211,4269,4480
026053,149,3710,3859
026055,902,21124,22026
026056,279,7055,7334
026057,453,11352,11805
026058,352,7933,8285
026059,497,12413,12910
026060,20,719,739
026061,86,2110,2196
026062,191,4906,5097
026063,633,16263,16896
026064,431,9514,9945
026065,46,1650,1696
026066,464,8943,9407
026067,67,2042,2109
026068,462,10476,10938
026069,559,14109,14668
026070,272,6324,6596
026071,512,12283,12795
026072,271,6604,6875
026073,138,4954,5092
026074,177,4769,4946
026075,340,8780,9120
026076,355,9542,9897
026077,334,6983,7317
026078,78,2897,2975
026079,57,1781,1838
026080,257,5914,6171
026081,350,9845,10195
026082,505,11808,12313
026083,456,11251,11707
026084,132,4096,4228
026085,454,10250,10704
026086,3053,81784,84837
026087,363,9777,10140
026088,275,6583,6858
026089,717,15774,16491
026090,152,3520,3672
026091,545,17223,17768
026092,843,26636,27479
026093,427,9656,10083
026094,67,1662,1729
026095,514,10943,11457
026096,238,6312,6550
027001,136,3681,3817
027002,256,6901,7157
027003,409,10280,10689
027004,507,12529,13036
027005,321,10921,11242
027006,345,12836,13181
027007,231,5873,6104
027008,1534,46689,48223
027009,111,3061,3172
027010,79,2796,2875
027011,329,9927,10256
027012,546,14507,15053
027013,396,11664,12060
027014,385,8080,8465
027015,187,3963,4150
027016,186,5647,5833
027017,264,6789,7053
027018,98,2662,2760
027019,874,25637,26511
027020,735,16823,17558
027021,702,20692,21394
027022,224,6012,6236
027023,1227,36742,37969
027024,917,26242,27159
027025,434,10888,11322
027026,564,15544,16108
027027,285,6712,6997
027028,462,11796,12258
027029,789,23803,24592
027030,198,4461,4659
027031,297,7749,8046
027032,459,12399,12858
027033,1469,40338,41807
027034,313,11401,11714
027035,625,16916,17541
027036,515,12284,12799
027037,665,18380,19045
027038,999,26878,27877
027039,264,7279,7543
027040,81,2163,2244
027041,191,4577,4768
027042,8196,247887,256083
027043,370,9566,9936
027044,420,12975,13395
028001,680,19415,20095
028002,97,3096,3193
028003,1126,25315,26441
028004,105,4077,4182
028005,52,1749,1801
028006,75,2055,2130
028007,194,4705,4899
028008,99,3309,3408
028009,78,2981,3059
028010,11,606,617
028011,132,3673,3805
028012,71,2345,2416
028013,380,8482,8862
028014,124,3367,3491
028015,263,6891,7154
028016,551,15421,15972
028017,661,14119,14780
028018,86,2527,2613
028019,468,11406,11874
028020,216,5467,5683
028021,83,2160,2243
028022,36,1473,1509
028023,294,7200,7494
028026,147,4414,4561
028027,172,4609,4781
028028,160,5170,5330
028029,47,1399,1446
028030,193,5455,5648
028031,58,1902,1960
028032,752,19320,20072
028033,261,6150,6411
028034,352,9717,10069
028035,161,4929,5090
028036,278,6825,7103
028037,475,15515,15990
028038,325,7593,7918
028039,283,6844,7127
028040,125,4165,4290
028041,199,4101,4300
028042,202,4312,4514
028043,62,1903,1965
028044,377,8844,9221
028045,286,7769,8055
028046,363,7273,7636
028047,93,2891,2984
028048,304,8840,9144
028049,63,1683,1746
028050,260,5810,6070
028052,55,1766,1821
028053,57,2461,2518
028054,469,11180,11649
028055,562,16696,17258
028056,273,8621,8894
028057,335,11031,11366
028058,424,11083,11507
028059,182,5387,5569
028060,7099,202631,209730
028061,125,3644,3769
028062,33,1226,1259
028063,376,10670,11046
028064,419,9065,9484
028065,754,19321,20075
028066,152,3206,3358
028067,85,2316,2401
028068,155,3519,3674
028069,412,12981,13393
028070,107,3395,3502
028071,204,4702,4906
028072,667,16054,16721
028073,165,4765,4930
028075,435,9710,10145
028076,296,6117,6413
028077,561,12549,13110
028078,145,4223,4368
028079,126,2918,3044
028080,297,6871,7168
028082,237,6979,7216
028083,106,2415,2521
028084,56,1886,1942
028085,373,10053,10426
028086,801,22119,22920
028087,222,6621,6843
028088,133,3980,4113
028089,271,8670,8941
028090,107,2583,2690
028091,311,7957,8268
028092,186,5951,6137
028093,532,12409,12941
028094,137,4130,4267
028095,73,1976,2049
028096,210,4543,4753
028097,63,1696,1759
028098,32,869,901
028099,414,12621,13035
028100,881,22199,23080
028101,230,5334,5564
028102,51,2084,2135
028103,413,10078,10491
028104,253,5910,6163
028105,108,3150,3258
028106,288,8653,8941
028107,280,6765,7045
029001,541,18409,18950
029002,117,3981,4098
029003,80,2548,2628
029004,304,9749,10053
029005,33,1162,1195
029006,62,2391,2453
029007,46,1407,1453
029008,11,672,683
029009,70,2550,2620
029010,26,852,878
029011,65,1456,1521
029012,126,3890,4016
029013,103,2521,2624
029014,58,1525,1583
029015,95,3420,3515
029017,64,2153,2217
029018,69,2374,2443
029019,58,1689,1747
029021,51,2146,2197
029022,116,3775,3891
029023,38,1332,1370
029024,70,2472,2542
029025,28,961,989
029026,33,1437,1470
029027,55,2013,2068
029028,40,1070,1110
029029,374,11143,11517
029030,87,3239,3326
029031,106,3292,3398
029032,47,1650,1697
029033,433,11619,12052
029034,30,1362,1392
029035,39,1474,1513
029036,36,1085,1121
029037,105,3618,3723
029038,84,2108,2192
029039,258,8945,9203
029040,175,6120,6295
029041,1406,49129,50535
029042,25,1056,1081
029043,43,1021,1064
029044,116,3661,3777
029045,99,3066,3165
029046,254,7776,8030
029047,74,2507,2581
029048,137,4730,4867
029049,34,1119,1153
029050,54,1937,1991
029051,30,835,865
029052,393,13518,13911
030001,49,2130,2179
030002,33,815,848
030003,20,921,941
030004,62,3125,3187
030005,53,1980,2033
030006,90,2740,2830
030007,41,1644,1685
030008,106,3346,3452
030009,201,5037,5238
030010,76,2315,2391
030011,48,1749,1797
030012,16,697,713
030013,185,6179,6364
030014,115,3769,3884
030015,51,1507,1558
030016,311,7552,7863
030018,73,2655,2728
030019,86,2758,2844
030020,105,3605,3710
030021,38,923,961
030022,18,634,652
030023,439,13121,13560
030024,30,635,665
030025,16,605,621
030026,328,10641,10969
030027,585,15324,15909
030028,65,2111,2176
030029,7,442,449
030030,93,3028,3121
030031,66,2025,2091
030032,69,2244,2313
030033,3,153,156
030034,0,99,99
030035,31,1247,1278
030036,78,2723,2801
030037,191,5864,6055
030039,36,1061,1097
030040,9,522,531
030041,19,892,911
030042,11,546,557
030043,310,10324,10634
030044,127,4494,4621
030045,1,304,305
030046,454,12814,13268
030047,23,655,678
030048,103,3571,3674
030049,223,6647,6870
030051,8,597,605
030052,69,2222,2291
030053,177,5663,5840
030054,32,877,909
030055,184,6132,6316
030056,54,1688,1742
030057,234,6664,6898
030058,61,2475,2536
030059,43,1587,1630
030060,48,1611,1659
030061,10,485,495
030062,160,4690,4850
030063,66,2368,2434
030064,65,2335,2400
030065,79,2507,2586
030066,88,2738,2826
030067,37,1754,1791
030068,193,4959,5152
030069,64,2817,2881
030070,188,5188,5376
030071,54,1949,2003
030072,323,8976,9299
030073,62,2320,2382
030074,143,5384,5527
030075,44,2355,2399
030076,38,1307,1345
030077,70,2410,2480
030078,173,5237,5410
030079,263,6630,6893
030080,148,3406,3554
030081,28,842,870
030082,38,1412,1450
030083,120,3895,4015
030084,11,249,260
030085,18,711,729
030086,26,823,849
030087,67,2743,2810
030088,10,487,497
030089,7,437,444
030090,135,4655,4790
030091,234,5876,6110
030092,23,914,937
030093,6,266,272
030094,9,376,385
030095,67,2313,2380
030097,64,1884,1948
030098,90,2727,2817
030099,244,7679,7923
030100,243,7132,7375
030101,204,5897,6101
030102,21,1026,1047
030103,43,2086,2129
030104,76,2237,2313
030105,29,1190,1219
030106,69,1621,1690
030107,19,374,393
030108,2,349,351
030109,137,3544,3681
030110,23,843,866
030111,4,313,317
030112,43,1194,1237
030113,12,542,554
030114,125,3775,3900
030116,304,8526,8830
030117,110,3992,4102
030118,563,14217,14780
030120,84,2676,2760
030121,298,9700,9998
030122,50,2009,2059
030123,46,2631,2677
030124,66,2050,2116
030126,60,1626,1686
030127,283,7321,7604
030128,46,1540,1586
030129,3420,94736,98156
030130,68,2595,2663
030131,41,1935,1976
030132,21,824,845
030133,63,2103,2166
030135,34,782,816
030136,14,548,562
030137,38,1676,1714
030138,31,1099,1130
030188,173,6001,6174
030189,48,1257,1305
030190,188,6087,6275
030191,26,676,702
031001,39,1583,1622
031002,210,7040,7250
031003,34,1306,1340
031004,5,320,325
031005,47,1651,1698
031006,86,2891,2977
031007,1082,33005,34087
031008,202,6171,6373
031009,206,7753,7959
031010,38,1437,1475
031011,37,928,965
031012,1306,27927,29233
031013,21,672,693
031014,55,1470,1525
031015,119,3587,3706
031016,386,11465,11851
031017,49,2106,2155
031018,194,5916,6110
031019,12,735,747
031020,49,1469,1518
031021,62,1915,1977
031022,43,1697,1740
031023,263,7003,7266
031024,72,2736,2808
031025,52,1618,1670
032001,226,8147,8373
032002,28,829,857
032003,350,12616,12966
032004,164,5668,5832
032005,58,1994,2052
032006,6456,194153,200609
033001,60,1912,1972
033002,174,4499,4673
033003,24,922,946
033004,58,2554,2612
033005,81,3406,3487
033006,357,7632,7989
033007,242,5669,5911
033008,62,2345,2407
033010,186,4554,4740
033011,300,7340,7640
033012,133,4415,4548
033013,603,13210,13813
033014,167,5056,5223
033015,1,118,119
033016,22,831,853
033017,10,542,552
033018,193,4421,4614
033019,11,1067,1078
033020,17,1120,1137
033021,552,14395,14947
033022,58,2046,2104
033023,183,5483,5666
033024,189,4302,4491
033025,59,2085,2144
033026,115,3742,3857
033027,188,4930,5118
033028,16,910,926
033030,4,464,468
033032,4230,98501,102731
033033,82,2091,2173
033034,11,583,594
033035,322,8816,9138
033036,130,4443,4573
033037,253,6259,6512
033038,233,6779,7012
033039,551,11660,12211
033040,196,5404,5600
033041,11,797,808
033042,131,2765,2896
033043,52,2058,2110
033044,45,1972,2017
033045,135,4058,4193
033046,37,1644,1681
033047,0,70,70
033048,66,2385,2451
033049,63,2874,2937
034001,63,2038,2101
034002,43,2001,2044
034003,74,3126,3200
034004,51,1937,1988
034005,8,668,676
034006,189,6526,6715
034007,278,6549,6827
034008,82,1967,2049
034009,623,14011,14634
034010,406,8602,9008
034011,31,1030,1061
034012,43,1712,1755
034013,353,8798,9151
034014,1232,25755,26987
034015,264,6749,7013
034016,235,5389,5624
034017,221,5685,5906
034018,486,10113,10599
034019,221,4812,5033
034020,423,10280,10703
034022,12,831,843
034023,424,10653,11077
034024,123,3343,3466
034025,544,12594,13138
034026,26,1034,1060
034027,7912,188086,195998
034028,22,933,955
034030,102,2776,2878
034031,237,5520,5757
034032,749,19070,19819
034033,256,5511,5767
034035,57,1665,1722
034036,188,4602,4790
034038,39,1133,1172
034039,83,2039,2122
034040,9,885,894
034041,337,7365,7702
034042,396,9160,9556
034044,9,504,513
034045,105,2512,2617
034046,23,1134,1157
034049,277,7452,7729
034050,103,3036,3139
034051,475,12208,12683
035001,269,8474,8743
035002,370,9258,9628
035003,111,3098,3209
035004,402,9738,10140
035005,231,5080,5311
035006,252,5423,5675
035008,451,10253,10704
035009,230,5405,5635
035010,263,5029,5292
035011,125,3752,3877
035012,777,18169,18946
035013,149,4306,4455
035014,618,14746,15364
035015,324,8091,8415
035016,392,9968,10360
035017,363,9465,9828
035018,126,3550,3676
035020,1002,23964,24966
035021,302,6316,6618
035022,203,5512,5715
035023,232,6085,6317
035024,551,14195,14746
035026,277,8243,8520
035027,408,10025,10433
035028,513,12855,13368
035029,274,6902,7176
035030,473,12642,13115
035032,367,8705,9072
035033,7011,163590,170601
035034,213,5749,5962
035035,185,3836,4021
035036,580,14289,14869
035037,340,7879,8219
035038,220,5953,6173
035039,440,10719,11159
035040,992,24680,25672
035041,137,4058,4195
035042,61,1740,1801
035043,165,4158,4323
035044,106,3203,3309
035045,106,3434,3540
035046,96,3896,3992
036001,188,3946,4134
036002,439,9703,10142
036003,333,8272,8605
036004,154,3038,3192
036005,2786,68944,71730
036006,1330,31578,32908
036007,605,14476,15081
036008,486,10798,11284
036009,239,6721,6960
036010,259,7903,8162
036011,72,2879,2951
036012,554,14493,15047
036013,666,16322,16988
036014,44,1152,1196
036015,1440,33101,34541
036016,44,1757,1801
036017,143,3860,4003
036018,71,2585,2656
036019,692,16687,17379
036020,222,5075,5297
036021,241,6060,6301
036022,928,23175,24103
036023,7313,179101,186414
036024,25,889,914
036025,61,2023,2084
036026,88,3120,3208
036027,647,15363,16010
036028,333,9650,9983
036029,59,2014,2073
036030,698,17281,17979
036031,82,2103,2185
036032,44,1536,1580
036033,146,3607,3753
036034,258,5936,6194
036035,15,661,676
036036,276,6257,6533
036037,418,10323,10741
036038,88,3383,3471
036039,251,5724,5975
036040,1556,39166,40722
036041,340,8949,9289
036042,296,8108,8404
036043,61,2374,2435
036044,520,14954,15474
036045,597,12248,12845
036046,1184,24542,25726
036047,131,4436,4567
037001,500,11853,12353
037002,334,9407,9741
037003,271,6803,7074
037005,227,5574,5801
037006,14916,376770,391686
037007,124,3104,3228
037008,698,17670,18368
037009,493,12986,13479
037010,46,1754,1800
037011,1310,34742,36052
037012,106,3267,3373
037013,35,1822,1857
037014,29,1160,1189
037015,91,3216,3307
037016,197,4332,4529
037017,228,6326,6554
037019,658,17973,18631
037020,744,20042,20786
037021,682,15188,15870
037022,144,5274,5418
037024,599,13076,13675
037025,257,6352,6609
037026,67,1878,1945
037027,166,4644,4810
037028,232,5272,5504
037030,505,11966,12471
037031,124,3758,3882
037032,2579,67276,69855
037033,56,2105,2161
037034,142,4186,4328
037035,318,8767,9085
037036,218,6513,6731
037037,662,15937,16599
037038,328,8613,8941
037039,562,15086,15648
037040,113,3586,3699
037041,191,5914,6105
037042,286,10409,10695
037044,217,6129,6346
037045,177,4436,4613
037046,549,13378,13927
037047,558,16914,17472
037048,279,6853,7132
037050,323,8155,8478
037051,117,4086,4203
037052,368,8680,9048
037053,1002,27046,28048
037054,1129,31536,32665
037055,546,12132,12678
037056,280,7059,7339
037057,439,14322,14761
037059,286,7322,7608
037060,692,18421,19113
037061,1242,30261,31503
037062,225,6610,6835
038001,679,20461,21140
038003,418,13487,13905
038004,1406,33701,35107
038005,254,11043,11297
038006,511,21570,22081
038007,333,15541,15874
038008,3929,127740,131669
038010,59,2627,2686
038011,134,4626,4760
038012,74,2258,2332
038014,168,6381,6549
038017,114,5655,5769
038018,378,9409,9787
038019,364,11142,11506
038022,248,7342,7590
038023,81,3565,3646
038025,106,3482,3588
038027,201,8292,8493
038028,363,9463,9826
038029,178,7395,7573
038030,166,6717,6883
039001,335,11291,11626
039002,536,15866,16402
039003,107,2307,2414
039004,192,7052,7244
039005,77,2425,2502
039006,386,9163,9549
039007,816,27958,28774
039008,425,9129,9554
039009,284,7045,7329
039010,2311,56752,59063
039011,319,7763,8082
039012,1133,30801,31934
039013,454,10047,10501
039014,5185,151278,156463
039015,217,5482,5699
039016,458,11678,12136
039017,121,2777,2898
039018,157,4316,4473
040001,161,5460,5621
040003,431,10585,11016
040004,118,2760,2878
040005,242,6022,6264
040007,3243,93277,96520
040008,831,25161,25992
040009,121,3580,3701
040011,62,1505,1567
040012,4250,113157,117407
040013,471,12628,13099
040014,98,2287,2385
040015,418,10243,10661
040016,416,8873,9289
040018,292,6927,7219
040019,405,9505,9910
040020,261,6560,6821
040022,136,4221,4357
040028,60,1644,1704
040031,29,716,745
040032,210,5973,6183
040033,15,701,716
040036,40,1726,1766
040037,134,3282,3416
040041,496,11688,12184
040043,146,3907,4053
040044,98,3203,3301
040045,750,17108,17858
040046,127,2990,3117
040049,28,1114,1142
040050,59,1691,1750
041001,157,4083,4240
041002,43,1706,1749
041005,34,716,750
041006,11,529,540
041007,251,7821,8072
041008,43,1978,2021
041009,53,1555,1608
041010,311,7663,7974
041013,2095,58041,60136
041014,350,7940,8290
041015,317,8806,9123
041016,25,857,882
041017,14,277,291
041018,30,1192,1222
041019,159,5438,5597
041020,209,4672,4881
041021,9,547,556
041022,65,1400,1465
041023,78,1826,1904
041025,45,1253,1298
041026,37,971,1008
041027,56,1986,2042
041028,107,3556,3663
041029,504,13803,14307
041030,130,2593,2723
041031,20,616,636
041033,30,1034,1064
041034,69,2448,2517
041035,25,1050,1075
041036,305,6628,6933
041038,89,2712,2801
041041,22,629,651
041043,178,5671,5849
041044,3033,92917,95950
041045,130,2638,2768
041047,101,1953,2054
041048,16,594,610
041049,50,1789,1839
041051,166,4417,4583
041054,100,3076,3176
041057,161,3758,3919
041058,53,1410,1463
041060,48,1304,1352
041061,12,932,944
041064,31,821,852
041065,308,7570,7878
041066,265,6621,6886
041067,396,13611,14007
041068,610,14298,14908
041069,537,11665,12202
041070,169,4974,5143
041071,202,4668,4870
042001,163,4584,4747
042002,3400,95873,99273
042003,97,4175,4272
042004,50,1231,1281
042005,86,2047,2133
042006,247,6913,7160
042007,95,2430,2525
042008,198,4758,4956
042010,731,17786,18517
042011,48,1549,1597
042012,134,3331,3465
042013,79,3407,3486
042014,477,13912,14389
042015,174,4674,4848
042016,138,4280,4418
042017,978,28506,29484
042018,808,24919,25727
042019,319,8715,9034
042020,47,1632,1679
042021,1338,38102,39440
042022,441,12384,12825
042023,198,5952,6150
042024,27,964,991
042025,121,3178,3299
042026,72,1773,1845
042027,303,9593,9896
042029,142,2910,3052
042030,224,6520,6744
042031,53,1760,1813
042032,99,3642,3741
042033,82,1969,2051
042034,1387,33439,34826
042035,247,6217,6464
042036,78,3047,3125
042037,22,626,648
042038,201,4383,4584
042040,68,1822,1890
042041,71,1912,1983
042042,34,886,920
042043,139,3909,4048
042044,202,6674,6876
042045,1361,42962,44323
042046,144,3506,3650
042047,82,2514,2596
042048,138,3931,4069
042049,86,2026,2112
042050,294,7173,7467
043002,62,2011,2073
043003,151,3914,4065
043004,56,1771,1827
043005,9,144,153
043006,66,1618,1684
043007,181,6131,6312
043008,8,503,511
043009,129,4235,4364
043010,1,240,241
043011,15,428,443
043012,346,9451,9797
043013,1609,40285,41894
043014,40,1150,1190
043015,627,14314,14941
043016,61,1856,1917
043017,12,630,642
043019,34,1254,1288
043020,17,521,538
043021,34,702,736
043022,47,2156,2203
043023,1443,39636,41079
043024,305,9059,9364
043025,193,4214,4407
043026,257,6704,6961
043027,2,106,108
043028,347,7037,7384
043029,113,3202,3315
043030,133,3303,3436
043031,336,7207,7543
043032,14,683,697
043033,433,9546,9979
043034,30,819,849
043035,26,966,992
043036,74,1794,1868
043038,38,1246,1284
043039,30,971,1001
043040,2,219,221
043041,235,6115,6350
043042,530,11633,12163
043043,553,15099,15652
043044,724,20141,20865
043045,30,789,819
043046,79,3070,3149
043047,407,11602,12009
043048,36,1249,1285
043049,96,2984,3080
043050,13,403,416
043051,29,881,910
043052,35,996,1031
043053,621,17877,18498
043054,306,8817,9123
043055,65,2383,2448
043056,7,374,381
043057,30,975,1005
043058,23,896,919
044001,67,2508,2575
044002,103,3565,3668
044005,52,1656,1708
044006,24,1016,1040
044007,1295,45259,46554
044010,21,964,985
044011,364,8094,8458
044012,75,2564,2639
044013,69,2201,2270
044014,162,3493,3655
044015,123,2858,2981
044016,16,856,872
044017,175,5180,5355
044020,336,8580,8916
044021,26,1149,1175
044023,577,15383,15960
044027,74,2231,2305
044029,61,1590,1651
044031,184,4302,4486
044032,56,1908,1964
044034,12,467,479
044036,51,1940,1991
044038,9,454,463
044044,17,529,546
044045,587,12233,12820
044054,115,4655,4770
044056,1,164,165
044063,136,3925,4061
044064,75,1851,1926
044065,17,817,834
044066,1514,45462,46976
044071,241,7007,7248
044073,59,1870,1929
045001,360,10421,10781
045002,35,1700,1735
045003,1768,59065,60833
045004,22,966,988
045005,14,658,672
045006,65,2144,2209
045007,154,7146,7300
045008,115,4514,4629
045009,157,4647,4804
045010,2070,64907,66977
045011,323,9727,10050
045012,55,2238,2293
045013,57,2049,2106
045014,190,6760,6950
045015,56,1869,1925
045016,128,4464,4592
045017,14,978,992
046001,673,14946,15619
046002,138,5491,5629
046003,304,9270,9574
046004,187,6532,6719
046005,955,30806,31761
046006,49,2013,2062
046007,1684,44705,46389
046008,11,511,522
046009,181,5504,5685
046010,49,1651,1700
046011,129,5032,5161
046013,151,7066,7217
046014,19,548,567
046015,114,3466,3580
046017,3031,86347,89378
046018,689,21262,21951
046019,34,1819,1853
046020,30,988,1018
046021,169,4184,4353
046022,73,3269,3342
046023,33,2145,2178
046024,635,22486,23121
046025,65,2253,2318
046026,351,8479,8830
046027,38,1330,1368
046028,393,12163,12556
046030,72,2826,2898
046031,18,847,865
046033,1987,59264,61251
046034,66,1428,1494
046035,36,1205,1241
046036,14,737,751
046037,17,989,1006
047002,727,17385,18112
047003,279,8489,8768
047005,214,7158,7372
047006,201,6078,6279
047007,108,3022,3130
047008,236,7471,7707
047009,766,20133,20899
047010,348,10409,10757
047011,735,19717,20452
047012,674,18576,19250
047013,289,8878,9167
047014,3043,86686,89729
047016,312,8480,8792
047017,1065,25859,26924
047018,30,1414,1444
047020,415,11249,11664
047021,223,5389,5612
047022,156,4349,4505
047023,43,1930,1973
047024,159,7550,7709
048001,789,24534,25323
048002,425,10445,10870
048004,669,17538,18207
048005,728,17692,18420
048006,1947,45924,47871
048008,300,7556,7856
048010,683,16754,17437
048011,392,10540,10932
048012,502,15130,15632
048013,151,5288,5439
048014,1646,47028,48674
048015,459,13386,13845
048017,12709,355710,368419
048018,114,4385,4499
048019,794,22196,22990
048020,161,4631,4792
048021,445,12981,13426
048022,492,14005,14497
048024,746,19068,19814
048025,44,1789,1833
048026,80,2874,2954
048027,109,3396,3505
048028,532,13737,14269
048030,434,12808,13242
048031,30,1081,1111
048032,253,7460,7713
048033,710,19767,20477
048035,601,15933,16534
048036,298,8317,8615
048037,206,6959,7165
048038,555,16135,16690
048039,30,1037,1067
048041,1692,48768,50460
048043,1758,47557,49315
048044,741,18470,19211
048046,187,5000,5187
048049,244,7812,8056
048050,464,14280,14744
048052,798,22518,23316
048053,442,11629,12071
048054,384,11569,11953
049001,130,3055,3185
049002,366,12219,12585
049003,157,4553,4710
049004,136,3721,3857
049005,13,378,391
049006,303,8489,8792
049007,899,27083,27982
049008,562,15819,16381
049009,5140,150230,155370
049010,41,2009,2050
049011,56,1838,1894
049012,877,31771,32648
049013,114,3590,3704
049014,420,11494,11914
049017,852,29286,30138
049018,187,6386,6573
049019,15,474,489
049020,95,2890,2985
049021,91,3257,3348
050001,391,8153,8544
050002,172,5366,5538
050003,219,6153,6372
050004,544,12156,12700
050005,268,6095,6363
050006,36,1017,1053
050008,1705,43300,45005
050009,512,12907,13419
050010,67,1810,1877
050011,79,2042,2121
050012,34,1284,1318
050014,113,3534,3647
050015,32,1136,1168
050016,26,1246,1272
050019,59,1624,1683
050020,78,2056,2134
050021,24,723,747
050022,439,10621,11060
050023,22,607,629
050024,140,4379,4519
050025,159,4490,4649
050026,2970,86999,89969
050027,190,5283,5473
050028,618,14848,15466
050029,1170,28100,29270
050030,55,1499,1554
050031,935,29980,30915
050032,1019,26766,27785
050033,719,13830,14549
050034,35,1572,1607
050035,560,12747,13307
050036,147,4292,4439
050037,383,11550,11933
050038,320,8221,8541
050039,249,9581,9830
050040,377,11757,12134
050041,188,5205,5393
051001,189,5239,5428
051002,3343,94030,97373
051003,27,969,996
051004,400,11446,11846
051005,347,9600,9947
051006,189,5022,5211
051007,39,1322,1361
051008,85,2902,2987
051010,78,2466,2544
051011,55,2031,2086
051012,486,12526,13012
051013,287,9160,9447
051014,23,857,880
051015,53,1841,1894
051016,321,8487,8808
051017,716,20697,21413
051018,364,8860,9224
051020,217,5620,5837
051021,111,3347,3458
051022,132,3301,3433
051023,9,512,521
051024,53,1665,1718
051025,292,8334,8626
051026,938,23223,24161
051027,25,820,845
051030,87,2928,3015
051031,178,5779,5957
051033,561,16076,16637
051034,548,14896,15444
051035,40,1187,1227
051037,203,6094,6297
051038,21,959,980
051039,434,11671,12105
051040,405,9407,9812
051041,137,5332,5469
051042,225,6277,6502
052001,165,5956,6121
052002,230,6703,6933
052003,106,2952,3058
052004,133,3587,3720
052005,111,2622,2733
052006,327,8633,8960
052007,61,2096,2157
052008,60,2456,2516
052009,199,6614,6813
052010,78,1723,1801
052011,248,7876,8124
052012,847,20905,21752
052013,85,2553,2638
052015,384,13100,13484
052016,416,9595,10011
052017,387,8653,9040
052018,44,1491,1535
052019,90,2327,2417
052020,132,3884,4016
052021,50,1972,2022
052022,1038,27743,28781
052023,42,1463,1505
052024,32,1039,1071
052025,24,895,919
052026,187,4987,5174
052027,40,1506,1546
052028,251,7323,7574
052030,102,2534,2636
052031,156,4372,4528
052032,1688,52435,54123
052033,400,11795,12195
052034,409,9535,9944
052035,246,6832,7078
052036,26,1177,1203
052037,204,5469,5673
053001,127,4175,4302
053002,74,2304,2378
053003,111,3803,3914
053004,163,4650,4813
053005,27,1323,1350
053006,167,6967,7134
053007,61,2353,2414
053008,103,2917,3020
053009,554,20094,20648
053010,245,8019,8264
053011,2703,78940,81643
053012,32,1313,1345
053013,85,3288,3373
053014,231,6874,7105
053015,250,7919,8169
053016,372,11692,12064
053017,39,1109,1148
053018,418,14032,14450
053019,79,3562,3641
053020,20,927,947
053021,297,8459,8756
053022,59,2431,2490
053023,136,4132,4268
053024,118,3711,3829
053025,41,965,1006
053026,61,3057,3118
053027,42,1227,1269
053028,24,964,988
054001,981,27023,28004
054002,867,20512,21379
054003,171,4126,4297
054004,159,4674,4833
054005,78,2283,2361
054006,165,4091,4256
054007,91,2886,2977
054008,77,2995,3072
054009,542,14618,15160
054010,28,986,1014
054011,109,3310,3419
054012,251,7320,7571
054013,1369,37288,38657
054014,150,3250,3400
054015,932,20459,21391
054016,18,1101,1119
054017,361,9117,9478
054018,1973,53858,55831
054019,90,2560,2650
054020,60,1763,1823
054021,143,3613,3756
054022,147,5612,5759
054023,419,13989,14408
054024,977,29946,30923
054025,17,573,590
054026,537,14075,14612
054027,671,17530,18201
054028,139,3503,3642
054029,36,1419,1455
054030,203,5258,5461
054031,13,561,574
054032,38,1082,1120
054033,42,1561,1603
054034,174,5427,5601
054035,186,4431,4617
054036,28,922,950
054037,181,5240,5421
054038,197,5454,5651
054039,5888,158833,164721
054040,98,3321,3419
054041,49,1946,1995
054042,1,93,94
054043,26,674,700
054044,359,10616,10975
054045,15,511,526
054046,46,1269,1315
054047,17,446,463
054048,25,978,1003
054049,70,2249,2319
054050,269,8102,8371
054051,1161,35753,36914
054052,464,15413,15877
054053,239,6405,6644
054054,283,7847,8130
054055,117,3621,3738
054056,670,15697,16367
054057,102,3151,3253
054058,6,344,350
054059,35,1261,1296
055001,124,4332,4456
055002,54,1632,1686
055003,51,1352,1403
055004,376,11306,11682
055005,84,2474,2558
055006,73,1877,1950
055007,98,2559,2657
055008,31,1662,1693
055009,65,1972,2037
055010,78,2680,2758
055011,74,2574,2648
055012,71,1749,1820
055013,54,1529,1583
055014,47,1810,1857
055015,60,1689,1749
055016,38,1391,1429
055017,158,4663,4821
055018,41,1551,1592
055019,46,1210,1256
055020,20,1098,1118
055021,32,1344,1376
055022,511,17894,18405
055023,579,19352,19931
055024,63,1672,1735
055025,9,489,498
055026,32,1019,1051
055027,7,212,219
055028,49,1864,1913
055029,141,4695,4836
055030,49,2108,2157
055031,141,4544,4685
055032,3426,104556,107982
055033,79,2326,2405
056001,175,5171,5346
056002,29,801,830
056003,97,3404,3501
056004,27,977,1004
056005,127,4451,4578
056006,36,1215,1251
056007,100,2935,3035
056008,96,3661,3757
056009,69,1615,1684
056010,22,872,894
056011,95,2850,2945
056012,174,4948,5122
056013,43,1604,1647
056014,222,6135,6357
056015,203,5062,5265
056016,75,1857,1932
056017,74,2403,2477
056018,84,2196,2280
056019,34,1270,1304
056020,25,1051,1076
056021,471,14984,15455
056022,53,1447,1500
056023,140,3434,3574
056024,297,7797,8094
056025,59,1925,1984
056026,43,1342,1385
056027,85,2564,2649
056028,34,1242,1276
056029,70,2081,2151
056030,51,2399,2450
056031,63,2142,2205
056032,9,766,775
056033,29,861,890
056034,96,3187,3283
056035,289,8481,8770
056036,420,12585,13005
056037,81,1833,1914
056038,198,4531,4729
056039,294,8891,9185
056040,26,918,944
056041,117,3591,3708
056042,399,8682,9081
056043,45,1877,1922
056044,11,511,522
056045,251,8092,8343
056046,28,1185,1213
056047,45,1950,1995
056048,247,7745,7992
056049,207,6332,6539
056050,513,15640,16153
056051,7,289,296
056052,257,7911,8168
056053,84,2638,2722
056054,93,2352,2445
056055,160,3793,3953
056056,67,2090,2157
056057,493,12953,13446
056058,161,4164,4325
056059,2281,63832,66113
056060,225,5009,5234
057001,7,548,555
057002,62,2258,2320
057003,64,2307,2371
057004,8,205,213
057005,20,617,637
057006,19,570,589
057007,126,4134,4260
057008,20,914,934
057009,82,2399,2481
057010,47,1587,1634
057011,11,688,699
057012,35,1175,1210
057013,7,260,267
057014,21,973,994
057015,45,1164,1209
057016,209,6294,6503
057017,8,407,415
057018,8,387,395
057019,6,353,359
057020,0,135,135
057021,30,1477,1507
057022,9,456,465
057023,6,276,282
057024,11,572,583
057025,169,3603,3772
057026,25,506,531
057027,543,13195,13738
057028,22,1193,1215
057029,85,2939,3024
057030,33,694,727
057031,50,1442,1492
057032,13,362,375
057033,51,2090,2141
057034,11,542,553
057035,112,3415,3527
057036,0,76,76
057037,5,109,114
057038,12,482,494
057039,6,376,382
057040,21,851,872
057041,45,1139,1184
057042,10,268,278
057043,11,637,648
057044,131,3950,4081
057045,10,334,344
057046,3,188,191
057047,11,379,390
057048,0,155,155
057049,54,1871,1925
057050,25,1030,1055
057051,59,1927,1986
057052,56,1184,1240
057053,201,5951,6152
057054,93,2670,2763
057055,69,2444,2513
057056,15,507,522
057057,17,572,589
057058,5,310,315
057059,1429,44478,45907
057060,34,1104,1138
057061,19,533,552
057062,21,762,783
057063,13,501,514
057064,126,3012,3138
057065,42,1039,1081
057066,89,2122,2211
057067,38,1344,1382
057068,37,1020,1057
057069,37,1327,1364
057070,30,1166,1196
057071,2,226,228
057072,3,223,226
057073,7,170,177
058001,59,1380,1439
058002,75,1628,1703
058003,1431,38241,39672
058004,117,3714,3831
058005,736,18282,19018
058006,30,795,825
058007,2265,55573,57838
058008,33,1229,1262
058009,622,17685,18307
058010,24,1378,1402
058011,601,13063,13664
058012,84,2643,2727
058013,625,17935,18560
058014,5,398,403
058015,417,10573,10990
058016,141,3987,4128
058017,4,345,349
058018,510,10185,10695
058019,7,309,316
058020,147,3994,4141
058021,15,647,662
058022,316,8269,8585
058023,262,6871,7133
058024,281,8142,8423
058025,24,815,839
058026,453,10275,10728
058027,48,1032,1080
058028,17,425,442
058029,1372,36132,37504
058030,29,1230,1259
058031,8,576,584
058032,1808,50261,52069
058033,77,1916,1993
058034,649,20049,20698
058035,189,4035,4224
058036,739,14983,15722
058037,15,442,457
058038,536,12713,13249
058039,871,21753,22624
058040,256,6152,6408
058041,67,1853,1920
058042,193,5531,5724
058043,828,22393,23221
058044,34,1129,1163
058045,39,659,698
058046,690,19647,20337
058047,3653,84222,87875
058048,6,349,355
058049,269,6064,6333
058050,471,12380,12851
058051,30,850,880
058052,46,1377,1423
058053,18,903,921
058054,268,7387,7655
058055,28,764,792
058056,330,6765,7095
058057,2127,43194,45321
058058,106,2889,2995
058059,972,21640,22612
058060,488,11356,11844
058061,44,1170,1214
058062,86,1976,2062
058063,180,4927,5107
058064,313,8244,8557
058065,1697,39561,41258
058066,69,1923,1992
058067,88,2392,2480
058068,293,8131,8424
058069,39,1300,1339
058070,47,1825,1872
058071,65,1835,1900
058072,1747,46753,48500
058073,220,6235,6455
058074,908,21013,21921
058075,490,12345,12835
058076,2,215,217
058077,26,713,739
058078,94,2181,2275
058079,2707,61060,63767
058080,48,1069,1117
058081,439,9835,10274
058082,402,9603,10005
058083,17,716,733
058084,7,177,184
058085,10,345,355
058086,703,16296,16999
058087,7,244,251
058088,445,11533,11978
058089,27,924,951
058090,17,646,663
058091,103095,2667131,2770226
058092,31,1227,1258
058093,233,6998,7231
058094,24,827,851
058095,56,1398,1454
058096,102,2660,2762
058097,600,17916,18516
058098,168,4665,4833
058099,124,3380,3504
058100,93,3032,3125
058101,2,169,171
058102,318,8667,8985
058103,271,8244,8515
058104,2035,53115,55150
058105,168,4660,4828
058106,32,1015,1047
058107,184,5512,5696
058108,0,251,251
058109,4,286,290
058110,717,14945,15662
058111,2067,50245,52312
058112,139,3537,3676
058113,3,162,165
058114,780,17230,18010
058115,578,12613,13191
058116,1458,38702,40160
058117,1838,46829,48667
058118,1456,37219,38675
058119,746,14968,15714
058120,3461,76534,79995
058122,1514,30625,32139
059001,3317,70112,73429
059002,35,1404,1439
059003,19,568,587
059004,169,4003,4172
059005,1581,34900,36481
059006,381,10101,10482
059007,1721,37516,39237
059008,1306,36035,37341
059009,597,19158,19755
059010,361,9983,10344
059011,4873,122687,127560
059012,137,3938,4075
059013,116,2880,2996
059014,778,19193,19971
059015,264,5895,6159
059016,132,3576,3708
059017,686,14163,14849
059018,130,3171,3301
059019,560,13203,13763
059020,50,1117,1167
059021,163,4036,4199
059022,34,1054,1088
059023,40,1017,1057
059024,762,19176,19938
059025,381,9748,10129
059026,276,6537,6813
059027,509,9468,9977
059028,949,22627,23576
059029,344,7089,7433
059030,107,3009,3116
059031,92,2759,2851
059032,1564,42931,44495
059033,22,714,736
060001,10,270,280
060002,71,1812,1883
060003,1094,26674,27768
060004,76,2450,2526
060005,176,3926,4102
060006,771,20082,20853
060007,180,4812,4992
060008,186,5217,5403
060009,72,2150,2222
060010,237,6661,6898
060011,157,3982,4139
060012,89,2352,2441
060013,14,678,692
060014,360,8065,8425
060015,98,2590,2688
060016,55,1541,1596
060017,18,517,535
060018,75,2308,2383
060019,1355,34063,35418
060020,137,3119,3256
060021,32,843,875
060022,153,3688,3841
060023,145,4338,4483
060024,851,21759,22610
060025,254,8154,8408
060026,306,7488,7794
060027,79,1743,1822
060028,26,877,903
060029,20,630,650
060030,54,1477,1531
060031,147,3502,3649
060032,21,519,540
060033,722,19525,20247
060034,13,494,507
060035,310,9809,10119
060036,91,2666,2757
060037,54,1192,1246
060038,1581,42910,44491
060039,58,1944,2002
060040,48,1144,1192
060041,105,2253,2358
060042,51,1469,1520
060043,294,10651,10945
060044,493,11735,12228
060045,125,3047,3172
060046,301,7674,7975
060047,41,1224,1265
060048,108,2982,3090
060049,50,1395,1445
060050,34,1062,1096
060051,95,2588,2683
060052,334,6002,6336
060053,147,4239,4386
060054,124,2279,2403
060055,136,3815,3951
060056,465,12005,12470
060057,41,1036,1077
060058,187,4906,5093
060059,28,893,921
060060,243,6773,7016
060061,7,301,308
060062,58,1828,1886
060063,130,2875,3005
060064,107,3039,3146
060065,23,883,906
060066,35,1268,1303
060067,64,1770,1834
060068,182,5551,5733
060069,37,1188,1225
060070,94,2411,2505
060071,108,2874,2982
060072,19,692,711
060073,86,2325,2411
060074,897,24236,25133
060075,91,2225,2316
060076,168,4510,4678
060077,3,308,311
060078,45,1265,1310
060079,192,4580,4772
060080,37,1704,1741
060081,52,1567,1619
060082,77,2377,2454
060083,40,862,902
060084,33,1372,1405
060085,814,19054,19868
060086,28,715,743
060087,84,2026,2110
060088,43,1103,1146
060089,94,2453,2547
060090,66,1583,1649
060091,7,296,303
061001,25,1227,1252
061002,307,7030,7337
061003,166,4410,4576
061004,246,5019,5265
061005,2033,48607,50640
061006,60,1961,2021
061007,292,5666,5958
061008,67,1687,1754
061009,212,4998,5210
061010,214,5310,5524
061011,98,1877,1975
061012,288,5155,5443
061013,507,9526,10033
061014,66,1416,1482
061015,607,17050,17657
061016,367,6759,7126
061017,208,7110,7318
061018,426,12557,12983
061019,1045,20032,21077
061020,489,8953,9442
061021,375,7942,8317
061022,2406,70407,72813
061023,45,1433,1478
061024,26,1038,1064
061025,42,1361,1403
061026,115,3529,3644
061027,1555,25182,26737
061028,217,4601,4818
061029,493,8817,9310
061030,6,376,382
061031,37,1140,1177
061032,249,6517,6766
061033,81,1917,1998
061034,32,735,767
061035,59,1297,1356
061036,176,4459,4635
061037,477,8557,9034
061038,8,514,522
061039,59,1957,2016
061040,31,635,666
061041,103,3213,3316
061042,316,6469,6785
061043,781,11808,12589
061044,17,629,646
061045,32,1029,1061
061046,810,14769,15579
061047,414,9612,10026
061048,1652,35569,37221
061049,1656,37084,38740
061050,43,1989,2032
061051,95,2886,2981
061052,1371,27544,28915
061053,1654,25296,26950
061054,609,11266,11875
061055,119,2830,2949
061056,62,2098,2160
061057,331,10042,10373
061058,159,4319,4478
061059,104,2696,2800
061060,204,5581,5785
061061,55,1514,1569
061062,390,7360,7750
061063,54,1328,1382
061064,39,1430,1469
061065,75,1612,1687
061066,38,1156,1194
061067,383,7274,7657
061068,88,2144,2232
061069,88,2944,3032
061070,92,3138,3230
061071,29,812,841
061072,16,434,450
061073,79,1654,1733
061074,628,12568,13196
061075,765,16119,16884
061076,21,869,890
061077,836,13438,14274
061078,860,21300,22160
061079,18,869,887
061080,69,1849,1918
061081,534,11509,12043
061082,649,13425,14074
061083,1269,30699,31968
061084,103,2450,2553
061085,346,5371,5717
061086,63,2032,2095
061087,750,14119,14869
061088,664,19750,20414
061089,321,6861,7182
061090,458,8117,8575
061091,393,11125,11518
061092,760,13578,14338
061093,30,791,821
061094,1098,18783,19881
061095,251,6114,6365
061096,19,765,784
061097,111,2520,2631
061098,408,6809,7217
061099,610,11379,11989
061100,381,7187,7568
061101,131,3227,3358
061102,367,7618,7985
061103,266,6550,6816
061104,295,6175,6470
062001,354,7751,8105
062002,86,2559,2645
062003,226,5200,5426
062004,86,2416,2502
062005,111,1883,1994
062006,25,709,734
062007,59,2076,2135
062008,2030,55470,57500
062009,63,1286,1349
062010,98,1918,2016
062011,41,1542,1583
062012,77,2448,2525
062013,26,957,983
062014,68,1531,1599
062015,33,1209,1242
062016,31,814,845
062017,40,1325,1365
062018,40,1110,1150
062019,104,2441,2545
062020,21,1035,1056
062021,76,1855,1931
062022,99,3067,3166
062023,130,3524,3654
062024,56,2133,2189
062025,60,2153,2213
062026,154,3669,3823
062027,68,2559,2627
062028,74,2029,2103
062029,112,3264,3376
062030,131,3102,3233
062031,44,1313,1357
062032,61,1136,1197
062033,35,944,979
062034,52,1646,1698
062035,80,2022,2102
062036,10,413,423
062037,134,4522,4656
062038,176,3896,4072
062039,67,1672,1739
062040,183,3843,4026
062041,42,1442,1484
062042,27,1328,1355
062043,557,12541,13098
062044,148,4432,4580
062045,131,3557,3688
062046,88,2202,2290
062047,81,1943,2024
062048,95,1918,2013
062049,56,1466,1522
062050,66,1789,1855
062051,18,489,507
062052,95,2807,2902
062053,99,2367,2466
062054,50,1968,2018
062055,52,1245,1297
062056,26,1084,1110
062057,117,4340,4457
062058,405,9399,9804
062059,107,2738,2845
062060,97,2823,2920
062061,65,2064,2129
062062,64,1880,1944
062063,12,718,730
062064,94,2964,3058
062065,30,1133,1163
062066,34,833,867
062067,139,3438,3577
062068,146,3699,3845
062069,19,855,874
062070,399,10027,10426
062071,151,3997,4148
062072,27,615,642
062073,125,3411,3536
062074,323,7342,7665
062075,53,1382,1435
062076,141,3166,3307
062077,93,2686,2779
062078,11,482,493
063001,3115,55219,58334
063002,3232,58629,61861
063003,382,7258,7640
063004,269,6671,6940
063005,1464,31286,32750
063006,970,24466,25436
063007,384,9461,9845
063008,1279,25030,26309
063009,444,9366,9810
063010,763,14952,15715
063011,1861,34047,35908
063012,601,11603,12204
063013,203,4908,5111
063014,181,6756,6937
063015,129,2335,2464
063016,1080,20518,21598
063017,2245,45244,47489
063018,97,3015,3112
063019,298,7504,7802
063020,713,12684,13397
063021,877,17269,18146
063022,183,3540,3723
063023,3401,70714,74115
063024,2647,61047,63694
063025,421,7335,7756
063026,770,16306,17076
063027,479,11855,12334
063028,325,6645,6970
063029,55,1637,1692
063030,536,11169,11705
063031,750,16660,17410
063032,1120,27708,28828
063033,662,14799,15461
063034,6328,116036,122364
063035,1321,26972,28293
063036,732,16542,17274
063037,742,18860,19602
063038,165,4476,4641
063039,317,5738,6055
063040,54,1462,1516
063041,2610,55090,57700
063042,419,7319,7738
063043,1290,27892,29182
063044,627,13395,14022
063045,1863,34353,36216
063046,327,7503,7830
063047,479,11473,11952
063048,1758,32630,34388
063049,38462,883632,922094
063050,1526,32192,33718
063051,1021,21960,22981
063052,800,15818,16618
063053,477,12072,12549
063054,324,5512,5836
063055,1204,20751,21955
063056,627,12341,12968
063057,1768,37905,39673
063058,1065,23168,24233
063059,1948,50773,52721
063060,3017,74073,77090
063061,317,9866,10183
063062,1267,23537,24804
063063,2176,38643,40819
063064,2224,48393,50617
063065,250,6351,6601
063066,633,11550,12183
063067,1466,41764,43230
063068,1533,28614,30147
063069,129,3238,3367
063070,329,8409,8738
063071,338,8347,8685
063072,1145,25266,26411
063073,1673,30773,32446
063074,833,18414,19247
063075,343,6028,6371
063076,798,15151,15949
063077,280,5791,6071
063078,116,2907,3023
063079,1474,32407,33881
063080,558,15251,15809
063081,492,8168,8660
063082,820,16662,17482
063083,2029,38645,40674
063084,3574,78081,81655
063085,155,3246,3401
063086,865,19457,20322
063087,1689,29021,30710
063088,156,4070,4226
063089,1500,23405,24905
063090,618,11067,11685
063091,352,8291,8643
063092,219,4800,5019
064001,145,3811,3956
064002,142,3858,4000
064003,43,1657,1700
064004,33,1485,1518
064005,726,20696,21422
064006,332,10238,10570
064007,331,7222,7553
064008,1618,51201,52819
064009,103,2927,3030
064010,152,4365,4517
064011,123,3481,3604
064012,75,2163,2238
064013,5,276,281
064014,81,2080,2161
064015,112,4229,4341
064016,46,1054,1100
064017,127,3168,3295
064018,87,2155,2242
064019,44,1262,1306
064020,48,1578,1626
064021,35,885,920
064022,38,1028,1066
064023,44,1818,1862
064024,50,1482,1532
064025,377,8526,8903
064026,111,2491,2602
064027,12,445,457
064028,81,2047,2128
064029,132,2829,2961
064030,45,1220,1265
064031,67,1766,1833
064032,94,2532,2626
064033,87,2793,2880
064034,217,4945,5162
064035,107,3377,3484
064036,107,3196,3303
064037,19,591,610
064038,289,7433,7722
064039,61,1772,1833
064040,37,1496,1533
064041,63,2044,2107
064042,48,1404,1452
064043,127,3176,3303
064044,244,5765,6009
064045,38,1056,1094
064046,95,2959,3054
064047,81,1551,1632
064048,70,1737,1807
064049,381,11272,11653
064050,227,6629,6856
064051,2,355,357
064052,102,3304,3406
064053,93,3047,3140
064054,479,10824,11303
064055,60,2076,2136
064056,24,1208,1232
064057,285,7107,7392
064058,98,2569,2667
064059,173,4892,5065
064060,14,720,734
064063,32,1131,1163
064064,78,1495,1573
064065,188,4944,5132
064066,127,3819,3946
064067,73,2040,2113
064068,61,1638,1699
064069,19,615,634
064070,78,2088,2166
064071,13,275,288
064072,47,1927,1974
064073,55,1374,1429
064074,107,2675,2782
064075,144,3520,3664
064076,94,1739,1833
064077,92,1796,1888
064078,85,2214,2299
064079,31,773,804
064080,155,3294,3449
064081,13,715,728
064082,24,1070,1094
064083,189,4564,4753
064084,89,2347,2436
064085,28,733,761
064086,33,1446,1479
064087,55,1474,1529
064088,68,1338,1406
064089,21,1330,1351
064090,13,716,729
064091,19,690,709
064092,107,3839,3946
064093,46,1155,1201
064095,68,2003,2071
064096,31,1017,1048
064097,22,1065,1087
064098,15,747,762
064099,281,6508,6789
064100,128,2667,2795
064101,505,11619,12124
064102,20,534,554
064103,184,3466,3650
064104,108,2751,2859
064105,64,1427,1491
064106,66,1410,1476
064107,56,2137,2193
064108,33,1417,1450
064109,73,1900,1973
064110,35,1176,1211
064111,2,458,460
064112,24,856,880
064113,22,774,796
064114,92,2478,2570
064115,38,1208,1246
064116,77,2259,2336
064117,35,889,924
064118,38,1458,1496
064119,110,2952,3062
064120,17,986,1003
064121,926,18379,19305
065001,68,2465,2533
065002,774,20440,21214
065003,270,6017,6287
065004,37,940,977
065005,280,6627,6907
065006,157,4764,4921
065007,1632,32257,33889
065008,33,1325,1358
065009,201,5556,5757
065010,115,2277,2392
065011,31,777,808
065012,63,2102,2165
065013,748,16164,16912
065014,2021,47784,49805
065015,15,719,734
065016,262,5065,5327
065017,166,4531,4697
065018,96,2329,2425
065019,78,2499,2577
065020,43,1345,1388
065021,250,6609,6859
065022,846,15577,16423
065023,9,350,359
065024,30,960,990
065025,971,21305,22276
065026,32,1045,1077
065027,40,1254,1294
065028,221,5120,5341
065029,71,1784,1855
065030,30,1477,1507
065031,323,8301,8624
065032,128,2671,2799
065033,18,578,596
065034,646,12960,13606
065035,71,2192,2263
065036,59,1242,1301
065037,1841,49416,51257
065038,72,1702,1774
065039,161,4808,4969
065040,73,2169,2242
065041,63,1930,1993
065042,28,1146,1174
065043,142,3294,3436
065044,27,644,671
065045,27,778,805
065046,125,3119,3244
065047,96,2394,2490
065048,16,512,528
065049,19,536,555
065050,1657,36251,37908
065051,35,1128,1163
065052,572,13184,13756
065053,30,689,719
065054,46,1048,1094
065055,172,4759,4931
065056,477,11083,11560
065057,40,1108,1148
065058,59,1237,1296
065059,28,972,1000
065060,52,1130,1182
065061,27,1312,1339
065062,12,717,729
065063,71,1289,1360
065064,32,969,1001
065065,10,609,619
065066,183,5237,5420
065067,940,20800,21740
065068,75,2531,2606
065069,50,1766,1816
065070,56,1706,1762
065071,79,2454,2533
065072,591,10346,10937
065073,563,11716,12279
065074,29,509,538
065075,33,1405,1438
065076,250,6045,6295
065077,20,594,614
065078,1728,42649,44377
065079,1083,22834,23917
065080,132,2135,2267
065081,82,2185,2267
065082,311,6172,6483
065083,138,3517,3655
065084,88,1549,1637
065085,22,969,991
065086,29,617,646
065087,154,4818,4972
065088,1487,32987,34474
065089,171,3616,3787
065090,470,10489,10959
065091,60,1650,1710
065092,26,830,856
065093,15,641,656
065094,30,981,1011
065095,31,1152,1183
065096,60,2393,2453
065097,207,4970,5177
065098,65,2139,2204
065099,1122,24675,25797
065100,133,3649,3782
065101,84,1918,2002
065102,76,1918,1994
065103,44,1005,1049
065104,95,2308,2403
065105,32,1037,1069
065106,270,6640,6910
065107,45,1550,1595
065108,362,8369,8731
065109,50,1262,1312
065110,12,373,385
065111,15,642,657
065112,31,748,779
065113,14,437,451
065114,493,11407,11900
065115,73,1761,1834
065116,4246,124960,129206
065117,9,491,500
065118,309,6223,6532
065119,113,3523,3636
065120,124,3880,4004
065121,128,2509,2637
065122,547,9810,10357
065123,28,834,862
065124,15,533,548
065125,55,1608,1663
065126,67,1552,1619
065127,125,3016,3141
065128,11,520,531
065129,93,2620,2713
065130,412,8394,8806
065131,14,391,405
065132,591,10302,10893
065133,62,2306,2368
065134,203,6215,6418
065135,1462,29128,30590
065136,191,4450,4641
065137,2150,46462,48612
065138,61,1427,1488
065139,8,281,289
065140,162,3587,3749
065141,41,1169,1210
065142,298,9166,9464
065143,124,3013,3137
065144,23,667,690
065145,28,765,793
065146,225,6996,7221
065147,58,1747,1805
065148,37,1167,1204
065149,67,1920,1987
065150,10,470,480
065151,169,3853,4022
065152,59,1489,1548
065153,3,221,224
065154,262,7827,8089
065155,72,1463,1535
065156,115,3067,3182
065157,257,7049,7306
065158,587,12779,13366
066001,10,290,300
066002,53,1384,1437
066003,16,901,917
066004,7,311,318
066005,36,1056,1092
066006,1558,39725,41283
066007,114,3183,3297
066008,18,605,623
066009,61,1617,1678
066010,24,696,720
066011,1,207,208
066012,34,1024,1058
066013,34,1156,1190
066014,1,127,128
066015,24,756,780
066016,5,459,464
066017,19,917,936
066018,3,218,221
066019,16,842,858
066020,141,4748,4889
066021,27,602,629
066022,1,201,202
066023,10,545,555
066024,1,82,83
066025,179,4951,5130
066026,20,430,450
066027,8,290,298
066028,199,6334,6533
066029,34,1016,1050
066030,3,125,128
066031,15,835,850
066032,402,10029,10431
066033,80,1490,1570
066034,28,916,944
066035,5,280,285
066036,111,2957,3068
066037,7,210,217
066038,23,820,843
066039,32,1088,1120
066040,2,215,217
066041,32,952,984
066042,9,372,381
066043,9,284,293
066044,23,672,695
066045,14,230,244
066046,58,1680,1738
066047,18,507,525
066048,50,1931,1981
066049,2600,66749,69349
066050,48,1521,1569
066051,316,5731,6047
066052,20,853,873
066053,142,3388,3530
066054,39,1346,1385
066055,13,349,362
066056,72,2190,2262
066057,33,1295,1328
066058,12,506,518
066059,40,1085,1125
066060,11,443,454
066061,6,369,375
066062,51,1205,1256
066063,2,435,437
066064,68,1698,1766
066065,44,1127,1171
066066,29,1072,1101
066067,21,626,647
066068,61,2020,2081
066069,147,3704,3851
066070,28,1078,1106
066071,33,1310,1343
066072,170,4089,4259
066073,42,1013,1055
066074,9,432,441
066075,216,6971,7187
066076,23,897,920
066077,81,2577,2658
066078,11,662,673
066079,14,597,611
066080,18,830,848
066081,8,478,486
066082,36,1351,1387
066083,10,171,181
066084,48,1500,1548
066085,175,3586,3761
066086,2,95,97
066087,67,1813,1880
066088,34,637,671
066089,26,1085,1111
066090,15,347,362
066091,2,114,116
066092,39,2081,2120
066093,40,1677,1717
066094,19,523,542
066095,190,3612,3802
066096,89,2613,2702
066097,3,326,329
066098,664,21979,22643
066099,206,6237,6443
066100,6,269,275
066101,107,2758,2865
066102,241,5737,5978
066103,3,506,509
066104,1,91,92
066105,22,452,474
066106,31,823,854
066107,8,593,601
066108,33,803,836
067001,466,12165,12631
067002,60,1826,1886
067003,24,763,787
067004,323,9856,10179
067005,88,2257,2345
067006,264,6588,6852
067007,34,1673,1707
067008,217,6497,6714
067009,65,1703,1768
067010,25,438,463
067011,357,7069,7426
067012,27,963,990
067013,50,2032,2082
067014,42,1337,1379
067015,73,2247,2320
067016,44,1449,1493
067017,134,4515,4649
067018,88,2018,2106
067019,130,3519,3649
067020,69,2203,2272
067021,216,4929,5145
067022,9,587,596
067023,35,1111,1146
067024,4,257,261
067025,801,22663,23464
067026,144,4321,4465
067027,32,933,965
067028,279,7378,7657
067029,124,3459,3583
067030,367,8734,9101
067031,225,5071,5296
067032,228,6205,6433
067033,77,1591,1668
067034,2,225,227
067035,536,14046,14582
067036,12,471,483
067037,931,24498,25429
067038,419,9415,9834
067039,185,5000,5185
067040,613,14638,15251
067041,1750,50726,52476
067042,60,1463,1523
067043,95,2402,2497
067044,426,11384,11810
067045,48,1205,1253
067046,15,863,878
067047,651,15547,16198
068001,6,359,365
068002,153,3271,3424
068003,43,998,1041
068004,7,257,264
068005,55,2262,2317
068006,204,3752,3956
068007,45,1778,1823
068008,10,563,573
068009,26,722,748
068010,34,1208,1242
068011,477,10443,10920
068012,616,14183,14799
068013,37,1153,1190
068014,42,1608,1650
068015,279,5711,5990
068016,0,218,218
068017,38,1328,1366
068018,57,1587,1644
068019,36,1327,1363
068020,85,2682,2767
068021,241,6923,7164
068022,289,6495,6784
068023,23,891,914
068024,2228,51116,53344
068025,95,2993,3088
068026,61,1689,1750
068027,316,11154,11470
068028,4091,114675,118766
068029,11,471,482
068030,343,8151,8494
068031,46,1241,1287
068032,9,433,442
068033,119,4665,4784
068034,25,883,908
068035,186,3791,3977
068036,5,263,268
068037,7,251,258
068038,69,1791,1860
068039,120,3422,3542
068040,16,521,537
068041,789,18207,18996
068042,100,2359,2459
068043,109,2796,2905
068044,22,769,791
068045,11,370,381
068046,13,558,571
069001,159,2921,3080
069002,59,1971,2030
069003,24,1047,1071
069004,34,1050,1084
069005,430,10013,10443
069006,22,733,755
069007,2,311,313
069008,189,4813,5002
069009,3,72,75
069010,37,1233,1270
069011,15,521,536
069012,8,602,610
069013,36,1138,1174
069014,25,851,876
069015,179,5629,5808
069016,108,2896,3004
069017,169,5136,5305
069018,160,4108,4268
069019,3,324,327
069020,37,1538,1575
069021,18,801,819
069022,1520,47619,49139
069023,7,290,297
069024,22,775,797
069025,0,166,166
069026,14,426,440
069027,73,2575,2648
069028,197,4555,4752
069029,7,316,323
069030,91,1845,1936
069031,34,1278,1312
069032,14,870,884
069033,218,5997,6215
069034,1,279,280
069035,977,24700,25677
069036,30,878,908
069037,47,1587,1634
069038,18,833,851
069039,5,284,289
069040,29,1232,1261
069041,80,2465,2545
069042,24,1127,1151
069043,297,8318,8615
069044,21,396,417
069045,20,1082,1102
069046,1161,33249,34410
069047,19,632,651
069048,10,315,325
069049,23,645,668
069050,152,4488,4640
069051,20,857,877
069052,3,116,119
069053,2,78,80
069054,20,597,617
069055,85,2257,2342
069056,105,2307,2412
069057,103,3536,3639
069058,700,21587,22287
069059,152,4005,4157
069060,40,1228,1268
069061,13,823,836
069062,28,947,975
069063,2,217,219
069064,10,425,435
069065,52,1471,1523
069066,23,977,1000
069067,34,794,828
069068,68,2005,2073
069069,17,849,866
069070,8,726,734
069071,30,1200,1230
069072,168,3834,4002
069073,52,1521,1573
069074,80,2221,2301
069075,22,1060,1082
069076,25,1183,1208
069077,3,92,95
069078,1,201,202
069079,31,860,891
069080,2,147,149
069081,697,13477,14174
069082,19,846,865
069083,761,18684,19445
069084,89,1965,2054
069085,77,2231,2308
069086,177,5012,5189
069087,100,2922,3022
069088,9,693,702
069089,11,332,343
069090,145,3803,3948
069091,111,2860,2971
069092,50,1619,1669
069093,13,733,746
069094,196,3969,4165
069095,27,1162,1189
069096,89,1598,1687
069097,6,364,370
069098,54,1496,1550
069099,1457,39096,40553
069100,24,884,908
069101,57,2123,2180
069102,25,1122,1147
069103,4,127,131
069104,1,120,121
070001,13,582,595
070002,70,2440,2510
070003,279,7290,7569
070004,25,1211,1236
070005,45,1118,1163
070006,1575,45960,47535
070007,18,581,599
070008,77,2367,2444
070009,35,782,817
070010,296,7333,7629
070011,36,1877,1913
070012,16,485,501
070013,3,258,261
070014,10,450,460
070015,28,1251,1279
070016,20,863,883
070017,136,3441,3577
070018,22,605,627
070019,5,318,323
070020,22,731,753
070021,36,1677,1713
070022,7,388,395
070023,121,3060,3181
070024,23,1175,1198
070025,35,1262,1297
070026,19,740,759
070027,21,949,970
070028,21,705,726
070029,127,4830,4957
070030,60,1618,1678
070031,195,6257,6452
070032,16,695,711
070033,19,623,642
070034,16,424,440
070035,14,489,503
070036,38,1062,1100
070037,45,1018,1063
070038,76,1991,2067
070039,0,161,161
070040,11,466,477
070041,17,1001,1018
070042,33,1181,1214
070043,34,1392,1426
070044,5,320,325
070045,1,313,314
070046,206,5980,6186
070047,4,379,383
070048,12,528,540
070049,60,1597,1657
070050,43,1552,1595
070051,140,3374,3514
070052,26,1036,1062
070053,41,1215,1256
070054,7,209,216
070055,86,2245,2331
070056,0,105,105
070057,173,4789,4962
070058,7,458,465
070059,122,2895,3017
070060,14,639,653
070061,37,1096,1133
070062,17,618,635
070063,0,150,150
070064,7,564,571
070065,50,1325,1375
070066,11,526,537
070067,23,926,949
070068,38,954,992
070069,161,4440,4601
070070,18,793,811
070071,20,457,477
070072,125,3933,4058
070073,5,323,328
070074,35,1570,1605
070075,67,1724,1791
070076,37,1156,1193
070077,14,610,624
070078,1129,31431,32560
070079,17,703,720
070080,23,1248,1271
070081,163,4336,4499
070082,13,809,822
070083,78,2436,2514
070084,125,3135,3260
071001,93,2119,2212
071002,15,848,863
071003,38,1088,1126
071004,494,12187,12681
071005,237,5749,5986
071006,99,2535,2634
071007,89,2955,3044
071008,239,6472,6711
071009,70,2504,2574
071010,363,6340,6703
071011,23,822,845
071012,119,3748,3867
071013,32,1363,1395
071014,53,1648,1701
071015,77,1932,2009
071016,41,1177,1218
071017,38,1270,1308
071018,40,1386,1426
071019,2,150,152
071020,2516,54707,57223
071021,39,1518,1557
071022,149,3439,3588
071023,26,590,616
071024,5552,141915,147467
071025,166,4070,4236
071026,9,442,451
071027,229,5971,6200
071028,1195,30570,31765
071029,1979,52664,54643
071031,248,5768,6016
071032,30,956,986
071033,367,11287,11654
071034,14,654,668
071035,83,2467,2550
071036,699,16265,16964
071037,16,679,695
071038,154,4141,4295
071039,56,2498,2554
071040,99,2474,2573
071041,74,1831,1905
071042,56,1680,1736
071043,108,3293,3401
071044,35,975,1010
071046,990,25354,26344
071047,473,12428,12901
071048,26,884,910
071049,514,13618,14132
071050,208,5389,5597
071051,1930,48354,50284
071052,71,1761,1832
071053,140,3619,3759
071054,299,5413,5712
071055,276,4944,5220
071056,671,16019,16690
071058,241,6563,6804
071059,268,7082,7350
071060,551,12910,13461
071061,6,383,389
071062,55,1517,1572
071063,178,2731,2909
071064,146,3174,3320
072001,725,19459,20184
072002,597,15950,16547
072003,368,10005,10373
072004,3321,66590,69911
072006,10761,306444,317205
072008,97,2064,2161
072010,485,11282,11767
072011,2224,51233,53457
072012,523,10674,11197
072014,609,14748,15357
072015,823,18714,19537
072016,627,14178,14805
072017,708,18615,19323
072018,268,5498,5766
072019,991,24810,25801
072020,1875,45441,47316
072021,971,25992,26963
072022,713,18824,19537
072023,1841,41054,42895
072024,447,11851,12298
072025,535,13531,14066
072027,1431,35571,37002
072028,819,23859,24678
072029,2178,55713,57891
072030,1766,46241,48007
072031,605,17936,18541
072032,1118,24924,26042
072033,820,19954,20774
072034,41,1298,1339
072035,673,16980,17653
072036,874,25269,26143
072037,773,17601,18374
072038,993,23618,24611
072039,195,5923,6118
072040,415,9236,9651
072041,976,24851,25827
072043,1048,25197,26245
072044,312,7784,8096
072046,991,25330,26321
072047,527,12392,12919
072048,632,16828,17460
073001,196,6121,6317
073002,266,6411,6677
073003,540,15948,16488
073004,552,12719,13271
073005,133,3285,3418
073006,155,4911,5066
073007,825,21101,21926
073008,1097,29896,30993
073009,572,14372,14944
073010,323,7746,8069
073011,353,9273,9626
073012,992,29155,30147
073013,1601,45779,47380
073014,166,5072,5238
073015,1238,30930,32168
073016,181,5213,5394
073017,126,3495,3621
073018,79,2224,2303
073019,561,14984,15545
073020,290,7389,7679
073021,611,15165,15776
073022,447,10754,11201
073023,66,1735,1801
073024,532,13882,14414
073025,334,8616,8950
073026,565,14898,15463
073027,6520,184197,190717
073028,129,4046,4175
073029,444,12747,13191
074001,2944,80746,83690
074002,628,16133,16761
074003,561,18430,18991
074004,197,6030,6227
074005,340,10912,11252
074006,268,8008,8276
074007,1489,37401,38890
074008,1368,33956,35324
074009,442,13325,13767
074010,832,25132,25964
074011,509,14121,14630
074012,924,29352,30276
074013,193,6083,6276
074014,227,5943,6170
074015,304,9125,9429
074016,396,12718,13114
074017,582,17857,18439
074018,182,5023,5205
074019,361,9845,10206
074020,382,8677,9059
075002,194,5922,6116
075003,233,5347,5580
075004,231,6239,6470
075005,135,4497,4632
075006,326,8596,8922
075007,150,3809,3959
075008,70,1699,1769
075009,86,2584,2670
075010,203,6591,6794
075011,295,9615,9910
075012,40,1591,1631
075013,62,2275,2337
075014,385,11348,11733
075015,115,3562,3677
075016,700,18704,19404
075017,90,2689,2779
075018,114,3622,3736
075019,146,4987,5133
075020,515,12251,12766
075021,159,5566,5725
075022,829,22398,23227
075023,193,5485,5678
075024,201,5049,5250
075025,135,3766,3901
075026,304,8419,8723
075027,80,2787,2867
075028,141,4765,4906
075029,809,25135,25944
075030,588,14427,15015
075031,694,18985,19679
075032,27,1121,1148
075033,67,1862,1929
075034,153,5335,5488
075035,3260,91777,95037
075036,345,8363,8708
075037,517,13231,13748
075038,465,11424,11889
075039,403,13349,13752
075040,262,8431,8693
075041,71,1545,1616
075042,386,10651,11037
075043,315,9629,9944
075044,248,6524,6772
075045,64,2070,2134
075046,101,3228,3329
075047,103,3402,3505
075048,486,12966,13452
075049,92,2520,2612
075050,78,2993,3071
075051,152,4647,4799
075052,1086,29689,30775
075053,155,4831,4986
075054,62,2126,2188
075055,202,7453,7655
075056,63,2183,2246
075057,172,5535,5707
075058,34,1365,1399
075059,311,8383,8694
075060,56,1584,1640
075061,218,5627,5845
075063,362,10272,10634
075064,317,9094,9411
075065,246,7643,7889
075066,140,4343,4483
075067,54,1389,1443
075068,275,7605,7880
075069,161,5337,5498
075070,181,5506,5687
075071,141,3302,3443
075072,84,2793,2877
075073,234,6455,6689
075074,58,1767,1825
075075,142,3781,3923
075076,174,5080,5254
075077,169,4391,4560
075078,105,3386,3491
075079,408,13069,13477
075080,67,2104,2171
075081,147,4015,4162
075082,47,1522,1569
075083,605,14120,14725
075084,458,10870,11328
075085,414,11117,11531
075086,116,2662,2778
075087,451,13649,14100
075088,570,16559,17129
075089,187,4904,5091
075090,412,11594,12006
075091,173,4181,4354
075092,461,12997,13458
075093,208,6576,6784
075094,50,1834,1884
075095,77,1889,1966
075096,39,2292,2331
075097,259,5973,6232
075098,314,9122,9436
076001,32,1297,1329
076002,61,2143,2204
076003,51,1318,1369
076004,43,1530,1573
076005,11,566,577
076006,121,3623,3744
076007,326,10470,10796
076008,75,1676,1751
076009,27,1203,1230
076010,107,2429,2536
076011,81,2583,2664
076012,173,4623,4796
076013,127,3746,3873
076014,16,824,840
076015,75,1700,1775
076016,6,355,361
076017,26,720,746
076018,26,1140,1166
076019,3,547,550
076020,4,222,226
076021,15,826,841
076022,66,1889,1955
076023,27,712,739
076024,21,723,744
076025,28,1215,1243
076026,16,927,943
076027,10,561,571
076028,58,1720,1778
076029,80,2271,2351
076030,38,1238,1276
076031,15,544,559
076032,94,2706,2800
076033,70,1831,1901
076034,159,3828,3987
076035,26,798,824
076036,170,5207,5377
076037,58,1540,1598
076038,4,520,524
076039,163,5029,5192
076040,120,4053,4173
076041,49,1593,1642
076042,365,11801,12166
076043,506,12633,13139
076044,129,4708,4837
076045,132,3778,3910
076046,242,5294,5536
076047,39,1472,1511
076048,797,16399,17196
076049,15,518,533
076050,106,3557,3663
076051,29,1409,1438
076052,37,1107,1144
076053,156,4843,4999
076054,42,1360,1402
076055,20,753,773
076056,121,3506,3627
076057,123,4417,4540
076058,46,1681,1727
076059,205,5482,5687
076060,144,3786,3930
076061,24,921,945
076062,288,6542,6830
076063,2141,63279,65420
076064,185,3961,4146
076065,21,887,908
076066,443,12209,12652
076067,38,1556,1594
076068,78,2513,2591
076069,28,1317,1345
076070,97,3185,3282
076071,139,3244,3383
076072,28,965,993
076073,32,1193,1225
076074,19,936,955
076075,10,614,624
076076,58,2596,2654
076077,13,672,685
076078,36,1383,1419
076079,53,1278,1331
076080,229,5833,6062
076081,54,1351,1405
076082,26,740,766
076083,89,2165,2254
076084,26,992,1018
076085,239,6417,6656
076086,37,1325,1362
076087,16,535,551
076088,20,1045,1065
076089,351,6811,7162
076090,85,2962,3047
076091,86,2860,2946
076092,51,2108,2159
076093,20,583,603
076094,55,1848,1903
076095,320,10773,11093
076096,93,2601,2694
076097,59,2731,2790
076098,186,3083,3269
076099,24,697,721
076100,107,2993,3100
077001,59,1620,1679
077002,20,871,891
077003,427,11623,12050
077004,20,658,678
077005,6,291,297
077006,20,1066,1086
077007,16,635,651
077008,238,7899,8137
077009,27,974,1001
077010,22,866,888
077011,148,4717,4865
077012,74,2014,2088
077013,134,4325,4459
077014,2183,57611,59794
077015,85,2310,2395
077016,269,6605,6874
077017,371,8853,9224
077018,291,6372,6663
077019,9,365,374
077020,577,16312,16889
077021,790,16972,17762
077022,135,3749,3884
077023,80,2409,2489
077024,76,2519,2595
077025,30,1061,1091
077026,36,1274,1310
077027,71,3697,3768
077028,134,4756,4890
077029,159,4690,4849
077030,39,1345,1384
077031,365,7270,7635
078001,29,969,998
078002,63,1692,1755
078003,627,18753,19380
078004,48,1420,1468
078005,23,748,771
078006,33,1170,1203
078007,9,366,375
078008,24,647,671
078009,153,3963,4116
078010,546,13224,13770
078011,103,2650,2753
078012,70,2391,2461
078013,66,1706,1772
078014,31,869,900
078015,300,8745,9045
078016,32,1186,1218
078017,411,9182,9593
078018,28,1089,1117
078019,69,2542,2611
078020,66,2006,2072
078021,38,1272,1310
078022,44,1108,1152
078023,43,1503,1546
078024,13,648,661
078025,330,7166,7496
078026,104,3034,3138
078027,2,212,214
078029,691,15954,16645
078030,120,2536,2656
078031,351,9047,9398
078032,3,243,246
078033,807,20281,21088
078034,86,2459,2545
078035,16,469,485
078036,110,2108,2218
078037,99,2863,2962
078038,25,768,793
078039,44,1183,1227
078040,341,9137,9478
078041,24,835,859
078042,40,1147,1187
078043,35,1128,1163
078045,2424,61646,64070
078046,41,968,1009
078047,439,9182,9621
078048,157,4892,5049
078049,128,4068,4196
078050,38,891,929
078051,106,3366,3472
078052,57,1359,1416
078053,55,1061,1116
078054,56,1832,1888
078055,103,2666,2769
078056,111,2703,2814
078057,65,1867,1932
078058,323,7582,7905
078059,48,1488,1536
078060,91,2108,2199
078061,63,1665,1728
078062,67,2251,2318
078063,60,1709,1769
078064,34,753,787
078065,22,871,893
078066,175,3624,3799
078067,75,2184,2259
078068,78,2696,2774
078069,64,2200,2264
078070,314,8440,8754
078071,38,1118,1156
078072,23,725,748
078073,51,1642,1693
078074,98,2400,2498
078075,95,1806,1901
078076,163,3193,3356
078077,127,2932,3059
078078,32,933,965
078079,399,8868,9267
078080,49,1440,1489
078081,1263,18748,20011
078082,32,1607,1639
078083,111,3910,4021
078084,65,2619,2684
078085,33,1078,1111
078086,8,335,343
078087,42,1879,1921
078088,26,1127,1153
078089,47,924,971
078090,8,310,318
078091,554,14374,14928
078092,9,643,652
078093,72,1975,2047
078094,51,1271,1322
078096,17,746,763
078097,55,1327,1382
078098,33,1151,1184
078099,35,984,1019
078100,13,665,678
078101,191,6232,6423
078102,1519,34206,35725
078103,133,3120,3253
078104,273,6540,6813
078105,166,5259,5425
078106,188,4000,4188
078107,59,1811,1870
078109,28,955,983
078110,111,2942,3053
078111,24,930,954
078112,45,1359,1404
078113,19,562,581
078114,90,3040,3130
078115,22,1120,1142
078116,89,2414,2503
078117,32,1204,1236
078118,47,1279,1326
078119,566,15656,16222
078120,7,554,561
078121,149,2982,3131
078122,245,5694,5939
078123,260,6803,7063
078124,20,951,971
078125,75,1842,1917
078126,12,488,500
078127,128,3333,3461
078128,67,1857,1924
078129,46,1125,1171
078130,35,1118,1153
078131,56,1668,1724
078132,172,4693,4865
078133,66,2185,2251
078134,84,1592,1676
078135,75,1948,2023
078136,111,3369,3480
078137,22,844,866
078138,443,10574,11017
078139,26,1087,1113
078140,21,479,500
078142,281,6397,6678
078143,129,4163,4292
078145,77,1806,1883
078146,173,4500,4673
078147,10,627,637
078148,193,4180,4373
078149,217,5651,5868
078150,318,8329,8647
078152,34,1013,1047
078153,81,2561,2642
078154,212,5207,5419
078155,139,2482,2621
078156,371,9241,9612
078157,3401,70728,74129
079002,21,831,852
079003,61,1617,1678
079004,33,751,784
079005,11,663,674
079007,11,464,475
079008,100,2727,2827
079009,41,1186,1227
079011,300,6975,7275
079012,231,4764,4995
079017,63,1669,1732
079018,48,1780,1828
079020,38,1368,1406
079023,3274,82909,86183
079024,22,491,513
079025,12,348,360
079027,38,1092,1130
079029,194,5009,5203
079030,31,871,902
079033,43,1257,1300
079034,48,1854,1902
079036,216,4433,4649
079039,268,6281,6549
079042,221,5185,5406
079043,110,2805,2915
079047,169,3579,3748
079048,108,1874,1982
079052,25,546,571
079055,18,418,436
079056,48,1858,1906
079058,84,2973,3057
079059,226,5363,5589
079060,271,4700,4971
079061,158,4047,4205
079063,77,1410,1487
079065,15,555,570
079068,49,1088,1137
079069,197,4212,4409
079071,19,384,403
079072,104,2088,2192
079073,28,822,850
079074,14,979,993
079077,36,695,731
079080,57,1675,1732
079081,229,5271,5500
079083,20,780,800
079087,201,4540,4741
079088,12,485,497
079089,47,1034,1081
079092,75,1866,1941
079094,21,984,1005
079095,94,2354,2448
079096,110,2423,2533
079099,54,1869,1923
079108,36,678,714
079110,57,1394,1451
079114,169,3651,3820
079115,60,1504,1564
079116,84,1333,1417
079117,58,1913,1971
079118,60,1698,1758
079122,55,1582,1637
079123,108,3210,3318
079126,22,483,505
079127,362,7181,7543
079129,129,2833,2962
079130,169,4149,4318
079131,164,3000,3164
079133,214,4459,4673
079134,31,761,792
079137,250,8462,8712
079138,112,2785,2897
079139,68,1396,1464
079142,135,3405,3540
079143,65,2238,2303
079146,67,2455,2522
079147,134,3516,3650
079148,41,926,967
079151,49,1478,1527
079157,44,1434,1478
079160,2889,64680,67569
080001,180,2611,2791
080002,13,475,488
080003,74,1985,2059
080004,49,1151,1200
080005,231,4591,4822
080006,46,910,956
080007,425,9109,9534
080008,130,2339,2469
080009,215,3943,4158
080010,43,1173,1216
080011,15,387,402
080012,509,8180,8689
080013,152,4004,4156
080014,133,3181,3314
080015,47,1007,1054
080016,14,785,799
080017,45,733,778
080018,187,4286,4473
080019,21,397,418
080020,24,676,700
080021,9,460,469
080022,32,1340,1372
080023,100,2045,2145
080024,25,701,726
080025,269,6480,6749
080026,23,511,534
080027,303,5941,6244
080028,452,9403,9855
080029,176,4536,4712
080030,36,786,822
080031,155,2986,3141
080032,42,1475,1517
080033,38,733,771
080034,31,840,871
080035,44,1455,1499
080036,101,2325,2426
080037,67,1535,1602
080038,965,18168,19133
080039,305,6494,6799
080040,121,2755,2876
080041,18,360,378
080042,185,4531,4716
080043,497,11428,11925
080044,107,2430,2537
080045,276,6006,6282
080046,39,1338,1377
080047,20,500,520
080048,23,818,841
080049,245,4606,4851
080050,392,10258,10650
080051,61,2218,2279
080052,120,3287,3407
080053,245,5491,5736
080054,190,5509,5699
080055,180,4717,4897
080056,60,2037,2097
080057,791,17051,17842
080058,19,485,504
080059,26,1018,1044
080060,312,3424,3736
080061,440,9548,9988
080062,45,1041,1086
080063,6761,166265,173026
080064,89,1767,1856
080065,352,7271,7623
080066,4,383,387
080067,213,5996,6209
080068,45,907,952
080069,744,13817,14561
080070,23,719,742
080071,136,2829,2965
080072,10,410,420
080073,71,2260,2331
080074,214,3285,3499
080075,26,1004,1030
080076,25,486,511
080077,50,1513,1563
080078,19,776,795
080079,25,557,582
080080,13,319,332
080081,180,3612,3792
080082,65,1280,1345
080083,39,1124,1163
080084,35,831,866
080085,159,4470,4629
080086,89,2421,2510
080087,25,776,801
080088,786,16707,17493
080089,85,1812,1897
080090,4,197,201
080091,51,1170,1221
080092,94,2329,2423
080093,638,14246,14884
080094,18,458,476
080095,84,1934,2018
080096,482,12449,12931
080097,170,4456,4626
081001,1831,42910,44741
081002,108,2691,2799
081003,223,6053,6276
081004,466,10945,11411
081005,535,13994,14529
081006,1060,28795,29855
081007,211,5096,5307
081008,953,25537,26490
081009,152,4118,4270
081010,137,3699,3836
081011,3199,77462,80661
081012,2251,48083,50334
081013,379,10524,10903
081014,274,7092,7366
081015,316,9705,10021
081016,44,1350,1394
081017,48,1548,1596
081018,334,9780,10114
081019,170,4672,4842
081020,163,4609,4772
081021,2436,62942,65378
081022,397,11190,11587
081023,49,1770,1819
081024,377,7599,7976
082001,109,3270,3379
082002,64,1744,1808
082003,28,1079,1107
082004,431,7876,8307
082005,447,9402,9849
082006,2514,50511,53025
082007,220,5940,6160
082008,76,1766,1842
082009,604,10301,10905
082010,143,4060,4203
082011,191,3851,4042
082012,32,1218,1250
082013,362,6707,7069
082014,278,7549,7827
082015,91,3572,3663
082016,22,451,473
082017,268,7243,7511
082018,38,1143,1181
082019,122,2907,3029
082020,591,10692,11283
082021,2189,36216,38405
082022,238,8018,8256
082023,598,10988,11586
082024,78,3023,3101
082025,90,2790,2880
082026,38,957,995
082027,429,13448,13877
082028,207,4772,4979
082029,86,2525,2611
082030,152,3333,3485
082031,518,11309,11827
082032,136,3636,3772
082033,55,1481,1536
082034,414,10166,10580
082035,763,12005,12768
082036,175,6110,6285
082037,45,1723,1768
082038,117,2150,2267
082039,44,1686,1730
082040,41,1046,1087
082041,25,862,887
082042,15,1353,1368
082043,323,6703,7026
082044,143,3513,3656
082045,237,6103,6340
082046,264,6023,6287
082047,104,2609,2713
082048,1482,27107,28589
082049,1873,36353,38226
082050,221,5623,5844
082051,79,2950,3029
082052,51,1812,1863
082053,27484,610401,637885
082054,1342,29279,30621
082055,83,2963,3046
082056,59,2446,2505
082057,180,5478,5658
082058,72,2944,3016
082059,96,2731,2827
082060,97,4245,4342
082061,46,1342,1388
082062,70,2228,2298
082063,194,4856,5050
082064,364,7844,8208
082065,40,1375,1415
082066,27,961,988
082067,456,10423,10879
082068,114,2437,2551
082069,6,382,388
082070,1024,24149,25173
082071,612,11871,12483
082072,193,3980,4173
082073,430,9849,10279
082074,118,2869,2987
082075,43,1228,1271
082076,116,3171,3287
082077,57,1768,1825
082078,77,2407,2484
082079,1161,18407,19568
082080,133,3009,3142
082081,20,607,627
082082,21,898,919
083001,39,1724,1763
083002,29,673,702
083003,85,2293,2378
083004,29,815,844
083005,1733,38212,39945
083006,14,549,563
083007,231,5511,5742
083008,106,2812,2918
083009,471,12563,13034
083010,175,4118,4293
083011,112,2985,3097
083012,27,722,749
083013,41,1165,1206
083014,94,2778,2872
083015,41,1029,1070
083016,73,2182,2255
083017,74,2138,2212
083018,18,449,467
083019,104,2599,2703
083020,38,1293,1331
083021,68,1226,1294
083022,9,438,447
083023,17,991,1008
083024,32,851,883
083025,134,3502,3636
083026,13,588,601
083027,109,3096,3205
083028,154,3599,3753
083029,140,2899,3039
083030,74,2287,2361
083031,9,339,348
083032,301,8705,9006
083033,243,6514,6757
083034,60,1365,1425
083035,63,1552,1615
083036,59,1413,1472
083037,28,661,689
083038,98,2659,2757
083039,58,1528,1586
083040,23,712,735
083041,486,11780,12266
083042,41,1307,1348
083043,48,935,983
083044,18,631,649
083045,17,540,557
083046,57,1348,1405
083047,117,2213,2330
083048,8261,214068,222329
083049,1007,29414,30421
083050,39,1158,1197
083051,24,889,913
083052,142,4292,4434
083053,13,651,664
083054,75,2489,2564
083055,12,538,550
083056,37,1389,1426
083057,52,1949,2001
083058,29,775,804
083059,9,661,670
083060,100,3423,3523
083061,121,3397,3518
083062,39,1151,1190
083063,67,1969,2036
083064,256,5800,6056
083065,43,1054,1097
083066,475,12313,12788
083067,42,1198,1240
083068,147,3651,3798
083069,11,888,899
083070,16,717,733
083071,6,176,182
083072,132,3821,3953
083073,33,974,1007
083074,12,571,583
083075,64,1893,1957
083076,203,6217,6420
083077,283,6481,6764
083078,112,3238,3350
083079,60,1770,1830
083080,73,2510,2583
083081,72,2579,2651
083082,41,1137,1178
083083,23,848,871
083084,380,11609,11989
083085,57,1431,1488
083086,177,4276,4453
083087,19,831,850
083088,94,2732,2826
083089,326,8945,9271
083090,43,1217,1260
083091,180,4236,4416
083092,113,3594,3707
083093,62,1598,1660
083094,60,1855,1915
083095,83,2432,2515
083096,183,4518,4701
083097,348,10144,10492
083098,275,6964,7239
083099,220,5688,5908
083100,26,743,769
083101,58,2605,2663
083102,25,915,940
083103,42,1234,1276
083104,141,3755,3896
083105,289,7907,8196
083106,338,6827,7165
083107,228,5238,5466
083108,193,4247,4440
084001,1983,53889,55872
084002,76,2491,2567
084003,275,8617,8892
084004,68,3230,3298
084005,95,2437,2532
084006,38,1165,1203
084007,99,3211,3310
084008,56,1854,1910
084009,210,5720,5930
084010,363,8897,9260
084011,1589,32857,34446
084012,195,7278,7473
084013,119,2527,2646
084014,120,3244,3364
084015,104,3073,3177
084016,36,851,887
084017,1298,30523,31821
084018,212,5091,5303
084019,45,1057,1102
084020,279,6058,6337
084021,1423,33248,34671
084022,92,1638,1730
084023,430,11382,11812
084024,100,2285,2385
084025,101,2633,2734
084026,244,6866,7110
084027,1016,20421,21437
084028,647,14975,15622
084029,268,7335,7603
084030,503,11757,12260
084031,448,10126,10574
084032,165,4214,4379
084033,665,17393,18058
084034,177,5308,5485
084035,98,2848,2946
084036,280,7310,7590
084037,68,2098,2166
084038,208,5896,6104
084039,28,1156,1184
084040,109,4107,4216
084041,1505,37745,39250
084042,156,4021,4177
084043,57,1301,1358
085001,27,864,891
085002,16,506,522
085003,133,4101,4234
085004,2168,57696,59864
085005,67,2691,2758
085006,146,3812,3958
085007,3008,69483,72491
085008,40,1629,1669
085009,389,10792,11181
085010,73,2704,2777
085011,51,1367,1418
085012,312,9747,10059
085013,1155,24025,25180
085014,55,1754,1809
085015,474,10223,10697
085016,815,20440,21255
085017,164,4683,4847
085018,190,5489,5679
085019,237,6250,6487
085020,30,1204,1234
085021,101,3097,3198
085022,46,1434,1480
086001,318,7438,7756
086002,125,4264,4389
086003,171,4721,4892
086004,465,11598,12063
086005,149,4020,4169
086006,178,4341,4519
086007,183,4989,5172
086008,51,1808,1859
086009,860,25177,26037
086010,107,3261,3368
086011,479,12104,12583
086012,408,12539,12947
086013,115,2734,2849
086014,754,19995,20749
086015,255,6204,6459
086016,249,6581,6830
086017,8,683,691
086018,278,8421,8699
086019,262,6901,7163
086020,159,4337,4496
087001,144,3351,3495
087002,663,17324,17987
087003,1302,26858,28160
087004,1975,48652,50627
087005,874,16993,17867
087006,1754,32172,33926
087007,1446,26100,27546
087008,1191,21796,22987
087009,729,17598,18327
087010,204,4929,5133
087011,1362,34879,36241
087012,329,4820,5149
087013,188,4164,4352
087014,127,2842,2969
087015,13357,286999,300356
087016,359,8727,9086
087017,1080,25405,26485
087018,559,12002,12561
087019,984,24047,25031
087020,91,2703,2794
087021,181,4917,5098
087022,137,3476,3613
087023,666,13426,14092
087024,1478,30150,31628
087025,262,6530,6792
087026,30,1008,1038
087027,160,4831,4991
087028,170,4112,4282
087029,2690,46253,48943
087030,645,11342,11987
087031,323,7206,7529
087032,852,14953,15805
087033,2158,43463,45621
087034,701,14013,14714
087035,143,3784,3927
087036,117,2758,2875
087037,519,9858,10377
087038,379,9945,10324
087039,549,13420,13969
087040,104,2327,2431
087041,1053,22283,23336
087042,445,11019,11464
087043,100,2865,2965
087044,458,7665,8123
087045,320,8998,9318
087046,71,1451,1522
087047,377,7018,7395
087048,344,7959,8303
087049,610,15686,16296
087050,529,10544,11073
087051,765,19127,19892
087052,340,7435,7775
087053,376,8339,8715
087054,228,5544,5772
087055,414,8868,9282
087056,193,3728,3921
087057,193,3546,3739
087058,201,3882,4083
088001,584,10036,10620
088002,303,7623,7926
088003,1399,28579,29978
088004,85,2745,2830
088005,663,15464,16127
088006,2248,51122,53370
088007,84,2745,2829
088008,892,18048,18940
088009,2734,69845,72579
088010,511,10327,10838
088011,1215,25607,26822
088012,3090,58961,62051
089001,1271,33586,34857
089002,1257,29246,30503
089003,31,1747,1778
089004,26,952,978
089005,247,6392,6639
089006,654,16498,17152
089007,15,714,729
089008,79,2270,2349
089009,940,20621,21561
089010,559,11349,11908
089011,800,21306,22106
089012,586,12671,13257
089013,1031,22607,23638
089014,1020,20501,21521
089015,231,8016,8247
089016,947,19697,20644
089017,4412,112641,117053
089018,353,7203,7556
089019,288,8049,8337
089020,151,3639,3790
089021,500,10968,11468
090001,29,1380,1409
090002,67,1720,1787
090003,1149,41176,42325
090004,14,578,592
090005,26,731,757
090006,468,12869,13337
090007,12,527,539
090008,57,1679,1736
090009,81,2555,2636
090010,8,390,398
090011,33,919,952
090012,142,3227,3369
090013,93,3140,3233
090014,20,717,737
090015,2,260,262
090016,21,639,660
090017,163,3503,3666
090018,15,839,854
090019,9,466,475
090020,23,836,859
090021,114,3740,3854
090022,21,584,605
090023,142,5545,5687
090024,9,399,408
090025,36,1493,1529
090026,38,1238,1276
090027,17,759,776
090028,8,368,376
090029,44,1422,1466
090030,9,491,500
090031,14,762,776
090032,17,465,482
090033,258,7930,8188
090034,19,853,872
090035,281,10441,10722
090036,56,1765,1821
090037,89,2377,2466
090038,9,523,532
090039,12,468,480
090040,4,103,107
090041,72,2264,2336
090042,60,1717,1777
090043,37,794,831
090044,11,757,768
090045,36,1255,1291
090046,113,2549,2662
090047,2383,57565,59948
090048,143,3982,4125
090049,73,3001,3074
090050,82,2797,2879
090051,158,5371,5529
090052,298,9725,10023
090053,19,606,625
090054,143,3934,4077
090055,100,2828,2928
090056,90,2171,2261
090057,154,4229,4383
090058,670,20707,21377
090059,73,2369,2442
090060,16,691,707
090061,6,498,504
090062,30,1149,1179
090063,142,4809,4951
090064,3703,118803,122506
090065,38,1234,1272
090066,0,129,129
090067,220,6781,7001
090068,31,787,818
090069,428,13911,14339
090070,366,13077,13443
090071,87,2739,2826
090072,86,2257,2343
090073,32,882,914
090074,56,2160,2216
090075,45,1424,1469
090076,107,2757,2864
090077,146,4108,4254
090078,56,2121,2177
090079,124,4092,4216
090080,92,2132,2224
090081,56,1763,1819
090082,41,1582,1623
090083,70,2336,2406
090084,136,3415,3551
090085,58,1390,1448
090086,19,583,602
090087,33,1263,1296
090088,16,691,707
090089,39,1504,1543
090090,67,1957,2024
090091,169,5052,5221
090092,137,4786,4923
091001,32,1183,1215
091002,80,2205,2285
091003,23,1013,1036
091004,22,746,768
091005,121,3727,3848
091006,123,3346,3469
091007,16,563,579
091008,12,496,508
091009,90,2571,2661
091010,59,2397,2456
091011,65,1924,1989
091012,20,1231,1251
091016,48,2118,2166
091017,307,7981,8288
091018,15,575,590
091019,24,533,557
091024,149,3603,3752
091025,14,711,725
091026,44,1273,1317
091027,94,2286,2380
091028,79,2448,2527
091031,62,1216,1278
091032,62,1952,2014
091033,76,2163,2239
091035,129,2940,3069
091037,157,4997,5154
091038,4,470,474
091039,62,1203,1265
091040,17,487,504
091041,19,1619,1638
091042,60,2040,2100
091043,36,1241,1277
091044,238,9329,9567
091046,88,2325,2413
091047,34,1590,1624
091050,7,287,294
091051,976,33684,34660
091055,182,6540,6722
091056,26,1176,1202
091057,23,769,792
091058,10,365,375
091059,19,690,709
091060,42,856,898
091061,92,2650,2742
091062,133,3858,3991
091063,249,6549,6798
091064,55,1861,1916
091066,23,1043,1066
091067,57,2128,2185
091068,8,215,223
091069,14,726,740
091070,70,2154,2224
091071,69,1469,1538
091072,32,1725,1757
091073,99,2907,3006
091077,38,1558,1596
091083,59,1963,2022
091084,49,1577,1626
091085,433,10703,11136
091086,38,1514,1552
091088,43,928,971
091089,161,3678,3839
091090,18,599,617
091091,4,453,457
091093,40,1811,1851
091094,90,2622,2712
091095,368,10601,10969
091097,32,1023,1055
091098,58,1335,1393
091099,32,1122,1154
091100,7,485,492
091101,83,2914,2997
091103,87,1861,1948
091104,11,298,309
092003,899,25392,26291
092009,3782,145790,149572
092011,722,22367,23089
092015,274,7948,8222
092037,307,7581,7888
092050,195,6869,7064
092051,1977,66663,68640
092066,140,4957,5097
092068,830,27825,28655
092074,750,20022,20772
092075,277,6499,6776
092080,623,16678,17301
092090,350,8235,8585
092099,81,2067,2148
092105,391,12473,12864
092108,297,9052,9349
092109,491,18684,19175
093001,4,258,262
093002,62,1234,1296
093004,270,8584,8854
093005,637,15065,15702
093006,5,229,234
093007,357,8901,9258
093008,86,2419,2505
093009,196,6165,6361
093010,333,7924,8257
093011,17,809,826
093012,49,1431,1480
093013,208,4918,5126
093014,9,343,352
093015,16,861,877
093016,7,377,384
093017,559,17508,18067
093018,79,2605,2684
093019,13,359,372
093020,50,1440,1490
093021,514,11272,11786
093022,614,12083,12697
093024,10,561,571
093025,488,11134,11622
093026,38,1501,1539
093027,142,4181,4323
093028,84,2598,2682
093029,333,7425,7758
093030,52,1432,1484
093031,88,3052,3140
093032,461,14606,15067
093033,1829,49574,51403
093034,366,8117,8483
093035,169,3232,3401
093036,195,5747,5942
093037,777,19281,20058
093038,152,4565,4717
093039,35,1391,1426
093040,139,4081,4220
093041,576,14501,15077
093042,78,2104,2182
093043,245,6101,6346
093044,451,11491,11942
093045,3,283,286
093046,6,340,346
093047,63,1717,1780
093049,18,699,717
093050,59,1245,1304
093051,323,8051,8374
093052,64,1620,1684
093053,125,3765,3890
094001,10,385,395
094002,158,4638,4796
094003,27,638,665
094004,15,660,675
094005,27,706,733
094006,13,808,821
094007,37,1242,1279
094008,28,1016,1044
094009,13,301,314
094010,52,1525,1577
094011,2,151,153
094012,13,461,474
094013,1,100,101
094014,22,1148,1170
094015,5,199,204
094016,32,887,919
094017,41,1250,1291
094018,3,167,170
094019,13,571,584
094020,11,635,646
094021,59,1767,1826
094022,118,2771,2889
094023,743,20228,20971
094024,36,623,659
094025,57,1000,1057
094026,62,1594,1656
094027,32,931,963
094028,92,2224,2316
094029,12,493,505
094030,75,1981,2056
094031,50,1528,1578
094032,35,794,829
094033,11,233,244
094034,13,416,429
094035,10,637,647
094036,9,300,309
094037,8,589,597
094038,70,2116,2186
094039,27,1006,1033
094040,19,852,871
094041,8,502,510
094042,34,1047,1081
094043,9,430,439
094044,55,1311,1366
094045,17,659,676
094046,6,338,344
094047,10,265,275
094048,12,594,606
094049,9,653,662
094050,78,2056,2134
094051,12,630,642
094052,422,10626,11048
095001,74,2498,2572
095002,9,402,411
095003,2,241,243
095004,26,1296,1322
095005,5,348,353
095006,120,3649,3769
095007,13,793,806
095008,8,347,355
095009,8,309,317
095010,1,79,80
095011,27,1192,1219
095012,16,560,576
095013,23,631,654
095014,1,133,134
095015,57,1462,1519
095016,5,154,159
095017,30,1161,1191
095018,275,8568,8843
095019,76,2417,2493
095020,19,842,861
095021,127,4158,4285
095022,8,445,453
095023,16,706,722
095024,18,803,821
095025,129,4485,4614
095026,17,997,1014
095027,42,1417,1459
095028,12,407,419
095029,110,3864,3974
095030,10,659,669
095031,54,1655,1709
095032,13,616,629
095033,31,1130,1161
095034,11,452,463
095035,51,1658,1709
095036,1,328,329
095037,28,1111,1139
095038,768,29955,30723
095039,52,1435,1487
095040,3,279,282
095041,63,2047,2110
095042,4,224,228
095043,54,1982,2036
095044,16,606,622
095045,76,2738,2814
095046,81,2440,2521
095047,132,4541,4673
095048,5,329,334
095049,80,2167,2247
095050,55,2352,2407
095051,45,1389,1434
095052,67,1951,2018
095053,60,1638,1698
095054,5,425,430
095055,5,154,159
095056,20,872,892
095057,17,762,779
095058,4,292,296
095059,51,2075,2126
095060,9,482,491
095061,12,214,226
095062,68,2234,2302
095063,8,340,348
095064,4,142,146
095065,297,9533,9830
095066,27,916,943
095067,27,1089,1116
095068,16,473,489
095069,83,2641,2724
095070,14,710,724
095071,5,297,302
095072,28,1490,1518
095073,6,283,289
095074,47,1095,1142
095075,23,975,998
095076,13,335,348
095077,12,302,314
095078,6,115,121
095079,214,7319,7533
095080,14,423,437
095082,25,1666,1691
095083,9,577,586
095084,3,152,155
095085,10,435,445
095086,8,186,194
095087,20,985,1005
095088,3,236,239
096001,8,311,319
096002,75,2952,3027
096003,34,1100,1134
096004,1287,41656,42943
096005,22,872,894
096006,26,846,872
096007,49,1909,1958
096008,2,137,139
096009,8,306,314
096010,22,1090,1112
096012,218,7138,7356
096013,8,178,186
096014,8,385,393
096015,27,768,795
096016,137,3400,3537
096018,108,2694,2802
096019,38,1635,1673
096020,407,13663,14070
096021,37,1375,1412
096023,17,438,455
096024,21,687,708
096025,18,521,539
096026,106,3604,3710
096027,1,109,110
096028,37,1448,1485
096030,3,378,381
096031,12,516,528
096032,53,1879,1932
096033,9,483,492
096034,19,547,566
096035,101,3614,3715
096037,46,1273,1319
096038,13,566,579
096039,13,914,927
096040,119,3658,3777
096041,62,2565,2627
096042,31,1435,1466
096043,8,465,473
096044,1,177,178
096046,56,1994,2050
096047,112,3621,3733
096048,18,1101,1119
096049,53,2248,2301
096050,55,1982,2037
096053,37,1393,1430
096054,30,828,858
096055,1,103,104
096056,49,1494,1543
096057,16,545,561
096058,69,1802,1871
096059,68,2527,2595
096063,36,1286,1322
096064,22,728,750
096065,27,978,1005
096066,20,914,934
096067,5,265,270
096068,84,2301,2385
096069,3,204,207
096071,66,2319,2385
096072,7,199,206
096074,16,890,906
096075,17,466,483
096076,36,1186,1222
096077,230,7388,7618
096078,3,331,334
096079,3,188,191
096080,40,1334,1374
096081,17,375,392
096082,24,1095,1119
096083,33,955,988
096085,85,2557,2642
096086,9,497,506
096087,73,1965,2038
096088,235,10107,10342
097001,97,3094,3191
097002,92,2702,2794
097003,82,2215,2297
097004,178,3971,4149
097005,95,2278,2373
097006,160,4850,5010
097007,30,1250,1280
097008,122,3296,3418
097009,105,3204,3309
097010,149,4317,4466
097011,127,2768,2895
097012,215,5154,5369
097013,501,13091,13592
097014,41,1347,1388
097015,30,811,841
097016,533,12595,13128
097017,197,4191,4388
097018,21,500,521
097019,111,2490,2601
097020,122,3666,3788
097021,98,2281,2379
097022,134,3605,3739
097023,290,7680,7970
097024,51,1679,1730
097025,33,1122,1155
097026,221,4540,4761
097027,12,260,272
097028,57,1642,1699
097029,54,1595,1649
097030,78,2518,2596
097031,115,2416,2531
097032,11,311,322
097033,41,1168,1209
097034,22,673,695
097035,42,722,764
097036,283,8160,8443
097037,124,2392,2516
097038,100,2571,2671
097039,86,2400,2486
097040,77,1854,1931
097042,1576,45878,47454
097043,76,2046,2122
097044,236,4829,5065
097045,182,4074,4256
097046,278,9804,10082
097047,16,363,379
097048,501,14201,14702
097049,375,8308,8683
097050,11,456,467
097051,143,3405,3548
097052,66,1800,1866
097053,110,2563,2673
097054,131,4010,4141
097055,1,28,29
097056,156,3504,3660
097057,388,8740,9128
097058,274,6132,6406
097059,251,6732,6983
097060,29,1190,1219
097061,187,4584,4771
097062,135,3699,3834
097063,4,333,337
097064,2,130,132
097065,67,1862,1929
097067,24,854,878
097068,77,2105,2182
097069,83,2092,2175
097070,116,2140,2256
097071,234,6014,6248
097072,96,2975,3071
097074,71,2056,2127
097075,77,2253,2330
097076,112,2684,2796
097077,4,141,145
097078,73,1682,1755
097079,20,519,539
097082,111,3295,3406
097083,415,10795,11210
097084,23,718,741
097086,79,2687,2766
097090,87,2009,2096
097091,198,5322,5520
097092,169,4477,4646
097093,8,492,500
098001,9,273,282
098002,40,1029,1069
098003,75,1659,1734
098004,184,4127,4311
098005,115,2301,2416
098006,96,2569,2665
098008,162,2780,2942
098009,120,3056,3176
098010,635,14578,15213
098011,43,1460,1503
098012,137,2869,3006
098013,41,1505,1546
098014,137,4365,4502
098015,150,2758,2908
098017,75,2041,2116
098018,94,2070,2164
098019,589,14959,15548
098020,100,2162,2262
098021,98,2766,2864
098022,45,1075,1120
098023,6,196,202
098024,63,1471,1534
098025,110,2109,2219
098026,95,2170,2265
098027,57,1246,1303
098028,96,2453,2549
098029,99,2536,2635
098030,91,2364,2455
098031,1687,43128,44815
098032,303,7286,7589
098033,6,59,65
098034,53,1310,1363
098035,88,2920,3008
098036,70,1690,1760
098037,211,4174,4385
098038,11,430,441
098039,70,1642,1712
098040,72,2169,2241
098041,255,5559,5814
098042,76,1910,1986
098043,87,1917,2004
098044,57,1364,1421
098045,45,1666,1711
098046,94,2515,2609
098047,62,1764,1826
098048,160,3573,3733
098049,115,3239,3354
098050,583,12642,13225
098051,67,1790,1857
098052,85,1846,1931
098053,61,1723,1784
098054,183,3684,3867
098055,163,3285,3448
098056,240,5679,5919
098057,38,881,919
098058,49,1490,1539
098059,73,1662,1735
098060,90,1777,1867
098061,358,7057,7415
098062,53,1438,1491
099001,663,18795,19458
099002,500,16223,16723
099003,369,10134,10503
099004,34,1090,1124
099005,521,13259,13780
099006,36,1293,1329
099008,79,2148,2227
099009,39,955,994
099011,254,6922,7176
099013,1096,33846,34942
099014,5437,144803,150240
099015,85,2924,3009
099016,261,5363,5624
099017,328,9113,9441
099018,873,21415,22288
099020,372,9675,10047
099021,13,363,376
099022,17,775,792
099023,227,6837,7064
099024,58,2595,2653
099025,112,2748,2860
099026,50,1984,2034
099027,37,1028,1065
099028,216,4970,5186
099029,307,6535,6842
100001,87,3015,3102
100002,559,14539,15098
100003,756,18721,19477
100004,330,9839,10169
100005,7517,193893,201410
100006,323,9652,9975
100007,186,5852,6038
101001,83,1891,1974
101002,64,1508,1572
101003,5,526,531
101004,80,2323,2403
101005,21,878,899
101006,33,1014,1047
101007,79,2481,2560
101008,690,13143,13833
101009,253,5000,5253
101010,2481,57642,60123
101011,97,2701,2798
101012,423,9042,9465
101013,1004,15958,16962
101014,135,3114,3249
101015,286,5739,6025
101016,20,1007,1027
101017,378,8322,8700
101018,126,3059,3185
101019,259,5086,5345
101020,81,1885,1966
101021,15,710,725
101022,68,1867,1935
101023,25,1058,1083
101024,118,2733,2851
101025,279,5867,6146
101026,27,734,761
101027,59,1582,1641
102001,54,1887,1941
102002,32,1254,1286
102003,148,3707,3855
102004,17,613,630
102005,33,951,984
102006,104,2911,3015
102007,47,1062,1109
102008,64,1780,1844
102009,71,1948,2019
102010,83,1922,2005
102011,185,4775,4960
102012,87,1671,1758
102013,66,1251,1317
102014,60,1767,1827
102015,93,1517,1610
102016,62,1905,1967
102017,249,4157,4406
102018,53,1632,1685
102019,140,3187,3327
102020,81,1974,2055
102021,260,6141,6401
102022,22,650,672
102023,41,1523,1564
102024,39,1088,1127
102025,194,5717,5911
102026,48,1197,1245
102027,306,8576,8882
102028,47,976,1023
102029,23,868,891
102030,177,4628,4805
102031,236,4146,4382
102032,155,3799,3954
102033,79,2005,2084
102034,140,2395,2535
102035,45,1186,1231
102036,131,2758,2889
102037,289,6063,6352
102038,42,879,921
102039,62,1061,1123
102040,122,2169,2291
102041,23,774,797
102042,40,1330,1370
102043,105,2244,2349
102044,183,5839,6022
102045,42,707,749
102046,37,945,982
102047,1157,30596,31753
102048,23,675,698
102049,84,1652,1736
102050,89,1765,1854
103001,7,388,395
103002,13,381,394
103003,53,1908,1961
103004,7,231,238
103005,2,103,105
103006,18,868,886
103007,13,458,471
103008,149,4671,4820
103009,24,747,771
103010,8,485,493
103011,40,1390,1430
103012,2,184,186
103013,28,723,751
103014,14,553,567
103015,39,1530,1569
103016,14,883,897
103017,159,4870,5029
103018,1,170,171
103019,93,3311,3404
103021,3,299,302
103022,15,576,591
103023,28,639,667
103024,29,730,759
103025,142,4375,4517
103026,47,1359,1406
103028,543,17240,17783
103029,50,1007,1057
103031,9,436,445
103032,2,186,188
103033,58,2250,2308
103034,44,1037,1081
103035,259,7362,7621
103036,3,187,190
103037,5,103,108
103038,3,223,226
103039,7,523,530
103040,7,385,392
103041,37,1321,1358
103042,43,1405,1448
103043,1,119,120
103044,45,2091,2136
103045,9,357,366
103046,43,1206,1249
103047,4,382,386
103048,22,830,852
103049,27,838,865
103050,417,14201,14618
103051,121,3237,3358
103052,33,1077,1110
103053,40,1434,1474
103054,82,2390,2472
103055,20,747,767
103056,16,525,541
103057,38,1818,1856
103058,5,245,250
103059,9,367,376
103060,23,669,692
103061,28,1239,1267
103062,47,1237,1284
103064,98,4596,4694
103065,30,698,728
103066,10,398,408
103067,1,173,174
103068,48,1585,1633
103069,29,1161,1190
103070,12,372,384
103071,49,1897,1946
103072,909,29045,29954
103074,36,1173,1209
103075,171,6105,6276
103076,6,267,273
103077,36,1684,1720
103078,7,299,306
103079,9,468,477
108001,606,14876,15482
108002,76,2001,2077
108003,240,6242,6482
108004,690,17158,17848
108005,244,6668,6912
108006,256,7110,7366
108007,498,10823,11321
108008,488,15010,15498
108009,455,11733,12188
108010,668,16165,16833
108011,236,5815,6051
108012,1304,33507,34811
108013,126,4157,4283
108014,79,2087,2166
108015,636,17188,17824
108016,293,7223,7516
108017,329,7060,7389
108018,246,6367,6613
108019,1545,37438,38983
108020,296,8148,8444
108021,598,15172,15770
108022,134,2901,3035
108023,1744,39902,41646
108024,1126,24797,25923
108025,265,7498,7763
108026,325,8140,8465
108027,1419,33288,34707
108028,2134,44013,46147
108029,260,7152,7412
108030,880,22444,23324
108031,167,4253,4420
108032,218,5370,5588
108033,4705,117817,122522
108034,902,22701,23603
108035,884,22199,23083
108036,220,4973,5193
108037,153,3903,4056
108038,142,3390,3532
108039,1795,43048,44843
108040,976,22752,23728
108041,292,8015,8307
108042,196,4209,4405
108043,334,8315,8649
108044,411,10014,10425
108045,553,13058,13611
108046,228,7262,7490
108047,156,4094,4250
108048,348,8816,9164
108049,490,13456,13946
108050,883,25058,25941
108051,265,6487,6752
108052,189,4916,5105
108053,426,10248,10674
108054,589,15196,15785
108055,254,4508,4762
109001,153,3385,3538
109002,83,3272,3355
109003,23,577,600
109004,62,1834,1896
109005,101,3037,3138
109006,1167,35001,36168
109007,33,913,946
109008,118,3141,3259
109009,42,1118,1160
109010,46,1378,1424
109011,29,869,898
109012,20,608,628
109013,44,1564,1608
109014,11,372,383
109015,22,1066,1088
109016,20,739,759
109017,201,6278,6479
109018,481,12132,12613
109019,5,360,365
109020,18,704,722
109021,5,323,328
109022,66,2020,2086
109023,87,2228,2315
109024,291,7680,7971
109025,9,389,398
109026,22,656,678
109027,30,865,895
109028,10,536,546
109029,26,703,729
109030,119,2689,2808
109031,62,2131,2193
109032,57,1589,1646
109033,505,15210,15715
109034,1022,24936,25958
109035,59,1886,1945
109036,39,1207,1246
109037,585,16188,16773
109038,53,2148,2201
109039,7,326,333
109040,65,1854,1919
110001,3984,93505,97489
110002,3712,89075,92787
110003,2227,51707,53934
110004,979,27443,28422
110005,379,10992,11371
110006,263,8127,8390
110007,633,13101,13734
110008,198,5917,6115
110009,1995,52853,54848
110010,646,13355,14001
111001,140,5821,5961
111002,6,426,432
111003,17,723,740
111004,47,1062,1109
111005,36,1164,1200
111006,23,1017,1040
111007,95,2568,2663
111008,76,2727,2803
111009,612,26060,26672
111010,134,5826,5960
111011,55,1597,1652
111012,11,785,796
111013,140,4062,4202
111014,325,9148,9473
111015,31,1588,1619
111016,163,5732,5895
111017,64,1901,1965
111018,55,2029,2084
111019,17,533,550
111020,13,562,575
111021,61,2624,2685
111022,34,1508,1542
111023,15,773,788
111024,10,297,307
111025,29,1118,1147
111026,16,789,805
111027,47,1128,1175
111028,52,1857,1909
111029,9,456,465
111030,129,4622,4751
111031,187,6067,6254
111032,29,911,940
111033,75,2456,2531
111034,294,10867,11161
111035,611,24882,25493
111036,60,2491,2551
111037,1,218,219
111038,44,1590,1634
111039,59,1994,2053
111040,32,1207,1239
111041,146,4349,4495
111042,120,5040,5160
111043,47,1448,1495
111044,73,3029,3102
111045,22,832,854
111046,23,1149,1172
111047,67,2297,2364
111048,72,1978,2050
111049,31,1412,1443
111050,57,1999,2056
111051,32,842,874
111052,54,2495,2549
111053,12,557,569
111054,35,1283,1318
111055,31,1109,1140
111056,23,800,823
111057,137,4758,4895
111058,34,865,899
111059,121,4790,4911
111060,39,1517,1556
111061,37,1119,1156
111062,206,7983,8189
111063,148,5559,5707
111064,19,715,734
111065,329,8001,8330
111066,87,3347,3434
111067,227,7948,8175
111068,95,3104,3199
111069,57,1637,1694
111070,69,2575,2644
111071,278,10489,10767
111072,115,3741,3856
111073,30,1078,1108
111074,42,1255,1297
111075,154,4559,4713
111076,104,2555,2659
111077,260,8433,8693
111078,134,4480,4614
111079,16,613,629
111080,5,131,136
111081,33,1185,1218
111082,24,771,795
111083,10,604,614
111084,95,3528,3623
111085,17,1080,1097
111086,60,1808,1868
111087,53,1766,1819
111088,34,1047,1081
111089,65,3299,3364
111090,24,969,993
111091,17,951,968
111092,12,386,398
111093,127,3890,4017
111094,5,501,506
111095,49,1781,1830
111096,443,12969,13412
111097,57,2442,2499
111098,106,3321,3427
111099,38,979,1017
111100,17,617,634
111101,26,1175,1201
111102,26,989,1015
111103,106,4391,4497
111104,21,978,999
111105,113,3575,3688
111106,219,6417,6636
111107,96,2453,2549
